
Id,Blues,Country,Electronic,Folk,International,Jazz,Latin,New_Age,Pop_Rock,Rap,Reggae,RnB,Vocal
1,0.0251737379321,0.0167464049697,0.0652428573586,0.0179876647591,0.0260950123596,0.0268142665921,0.0377235182852,0.0110462801815,0.00817093721159,0.294567046438,0.35924806978,0.0792654104407,0.0319187936915
2,0.0435504733181,0.0332255573909,0.0479758338739,0.0271392732103,0.0426165786519,0.0112353631311,0.062820627215,0.00941656287748,0.0188142867133,0.261107537884,0.280848341357,0.0912418268453,0.0700077375322
3,0.0324310815964,0.0257599391988,0.0944207975216,0.0195337545481,0.0378276118208,0.00819631028498,0.0441017763856,0.00585695900288,0.0582574358577,0.255459652663,0.319420144506,0.0782051790891,0.0205293575247
4,0.0346122077422,0.0480237419471,0.0662850001396,0.0379463409973,0.0407191270798,0.0176904048505,0.0519012006862,0.0134712112323,0.0173973281577,0.188358864595,0.298043225976,0.104883356633,0.0806679899634
5,0.0307287579748,0.014709406636,0.0580633202765,0.00734879016805,0.0144954188033,0.00478170988544,0.0273694910409,0.00199978204356,0.0189979568375,0.360808798648,0.406770742619,0.0413618804683,0.0125639445993
6,0.0276777785726,0.0189594757378,0.142876997507,0.00818302297166,0.0269802534201,0.0088483721263,0.0389443716538,0.0034563545423,0.0599432485608,0.288254012943,0.308576444466,0.0575867156357,0.00971295186251
7,0.044848141426,0.108438745127,0.025450191232,0.0407522065196,0.0854892749538,0.0107022031557,0.0881312326537,0.0148867946597,0.0344054704245,0.133471489984,0.143379010498,0.169236675321,0.100808564046
8,0.0435608890574,0.0347309360516,0.0670810509029,0.025173073127,0.0388805631655,0.0257863976127,0.0333867515116,0.0206049234216,0.0291164202865,0.223167516346,0.359094144246,0.062297124298,0.0371202099733
9,0.017202575934,0.0312527658069,0.0935604892172,0.0201528286373,0.0326930976018,0.0352774669077,0.0393364607094,0.0125321035584,0.0207490263355,0.213866798516,0.324429634078,0.129507694624,0.029439058074
10,0.0307913452136,0.0300247744657,0.0356728126704,0.0160449142049,0.0435278244512,0.0118618139485,0.053287255805,0.00832151454147,0.0311951478094,0.276533142013,0.306831929809,0.107225038309,0.0486824867586
11,0.0293267669331,0.0165080863821,0.089355176402,0.00887270145993,0.0241238713235,0.0113184913766,0.0383214169177,0.00363387669702,0.0334478568654,0.299654712666,0.368132523474,0.0633567069787,0.0139478125237
12,0.02365731307,0.0397658703765,0.0659753534221,0.0158143191129,0.0267140543046,0.0167562444309,0.0425362934242,0.0103107986657,0.0320889658921,0.263326123187,0.346821243912,0.090478057373,0.0257553628285
13,0.0171261475658,0.0280018349481,0.139179221448,0.0110825613708,0.0494081212338,0.0173564506522,0.0460191027264,0.0106670235858,0.0386261989405,0.238749910125,0.302027393732,0.0866982343344,0.0150577993376
14,0.0205579316796,0.0121591586885,0.0485415329741,0.0100071902604,0.0263434123523,0.00649612366029,0.0395721409376,0.00391623789522,0.0190917936392,0.379102782473,0.341763010703,0.0677433040324,0.0247053807037
15,0.0909827069208,0.0188761057306,0.119752131706,0.034296245669,0.0327576255884,0.0485478412449,0.0482200503011,0.0155817961266,0.0549552351877,0.185724621984,0.271682616864,0.0484341448098,0.0301888778674
16,0.0171415081808,0.0122519625986,0.30003393949,0.0105299770308,0.0176175005674,0.0121553509531,0.027728084272,0.00213689388598,0.0353601958233,0.301913508136,0.213297077055,0.0411516078609,0.00868239414646
17,0.0211018751656,0.0200851036927,0.173768275183,0.010639381627,0.0238846433268,0.018389193423,0.0348197029911,0.00667678914521,0.0468146866758,0.259496103485,0.318269868579,0.0560569943954,0.00999738231003
18,0.0204412859327,0.0171532555615,0.0396382875322,0.00945331060801,0.0200946831891,0.00499027885022,0.0249411747961,0.00480933710753,0.0106598820303,0.296066823046,0.48248510866,0.0481405868097,0.0211259858768
19,0.191055961537,0.114123785301,0.0591451716232,0.106356429312,0.0448920722354,0.0767002262444,0.0592401666591,0.0641154235578,0.08000844978,0.0336812551433,0.0340209021933,0.0358788267097,0.100781329704
20,0.141376049143,0.0238723184897,0.0460450110105,0.0375624116117,0.0415110602845,0.0380774126452,0.0563588773962,0.0301897908515,0.0408674162959,0.191798691793,0.243591893854,0.0369347092967,0.0718143573283
21,0.237845642383,0.0613926222313,0.0226840681426,0.108602834161,0.034225334059,0.0504261993783,0.0443405467256,0.0491267459993,0.0306736456517,0.0561618497853,0.0775469369671,0.0432774804273,0.183696094088
22,0.0367441218754,0.0204255678049,0.0699981648554,0.0139356487306,0.0281131388818,0.00725519774658,0.0416052701598,0.00653124200493,0.0148178403421,0.29633403353,0.383291049,0.0507296458915,0.0302190791769
23,0.0310940667745,0.0634084959498,0.0391912051235,0.0565930173222,0.0730807110198,0.025950371663,0.0865507575383,0.0362682909385,0.0468845223091,0.129582049307,0.114221220001,0.170326724833,0.126848567221
24,0.071384776254,0.053274368706,0.0381259449902,0.105742780575,0.0524096360182,0.0281917497041,0.0621485427166,0.024103857412,0.0165841821511,0.138005218689,0.0869995337491,0.0968681788326,0.226161230202
25,0.0196908391151,0.0408357156114,0.0874150246529,0.0171802562166,0.0494329827941,0.0207548250187,0.0460066066572,0.0146311014522,0.0251191505837,0.238613677438,0.267951648966,0.135811619495,0.0365565519988
26,0.113976252816,0.0334325661958,0.108133135576,0.0368950593685,0.0367841830013,0.0393610751333,0.0529923849795,0.0215200695781,0.0362319073037,0.152140362866,0.283457712094,0.037023655225,0.0480516358623
27,0.0251219339343,0.0266059780491,0.0610658838565,0.0164216237259,0.0269772364121,0.0212497496377,0.033919712557,0.0101688808829,0.0202305322422,0.294017309567,0.345563633699,0.0831243270968,0.0355331983387
28,0.0352937625773,0.0322898473584,0.0315747490412,0.0199171813965,0.0463272034195,0.0101769255699,0.0605609020841,0.00910136540477,0.030463896857,0.263165527109,0.27235466759,0.12399635313,0.0647776184624
29,0.0217748728492,0.0287101624063,0.212385322737,0.00875701090288,0.0432147383344,0.0235945123274,0.0546511829165,0.0101118107516,0.0957351010018,0.218658654617,0.212376699045,0.0619230412229,0.00810689088814
30,0.0772039586786,0.0354738601857,0.223561045662,0.0240063815676,0.0390123058838,0.0487653560727,0.0761421898989,0.0114594276753,0.0832329416236,0.146246323511,0.165667368468,0.0463543875764,0.0228744531964
31,0.014360043444,0.00828598029426,0.0854808211611,0.00554547240998,0.0117412662577,0.00420811123866,0.019492426527,0.00216595855939,0.00988682048328,0.303250371118,0.498224360417,0.0287028792114,0.00865548887889
32,0.0224176202352,0.0287716380117,0.191261103023,0.013097149067,0.047735195935,0.0401062061322,0.0403568917086,0.0146260711842,0.058405085935,0.21403711509,0.257333827764,0.0605722268351,0.0112798690791
33,0.13229255872,0.0309543340404,0.0802981038822,0.0562469011416,0.0402137264878,0.0508689023919,0.0591914094704,0.0306314027549,0.0865011074431,0.149800749261,0.155660532497,0.0572352075358,0.0701050643742
34,0.0100462413524,0.017790323801,0.155891839232,0.0167326287089,0.0266029274917,0.0256058336352,0.0381660435614,0.0115148075373,0.014805063393,0.245478133615,0.314218093068,0.094859357898,0.0282887067068
35,0.110390113936,0.070726606381,0.0879123688712,0.0249860689339,0.0390651884239,0.0131908521763,0.0496505838171,0.0135083230922,0.0824254126278,0.15861453866,0.279108964619,0.0459691716226,0.0244518068391
36,0.0635134109208,0.0458167754931,0.0742743216515,0.0431339990288,0.079954822875,0.0413423574955,0.0867915574122,0.0215929506981,0.0595173685006,0.166853593724,0.131642982935,0.129464729737,0.0561011295289
37,0.0318556163061,0.0353726038512,0.0388546897552,0.0192327592152,0.0253888926971,0.00556354844486,0.0442743928099,0.00417081911993,0.0219935914949,0.348311660291,0.2920828182,0.0793111334415,0.053587474373
38,0.196558052811,0.0335187710361,0.02853920512,0.0519950075125,0.0466983787877,0.0534060185819,0.0525491509119,0.0680621249355,0.0697106359611,0.127208171374,0.16000421307,0.0382161528138,0.0735341170842
39,0.0123002801738,0.0133765748973,0.426091641964,0.0274770616129,0.0464246364012,0.0675875335921,0.0377790293105,0.0189661805532,0.0278517162895,0.149942223187,0.109217141687,0.0458752399537,0.0171107403777
40,0.0391450780028,0.0252616974446,0.11519291308,0.0174756176901,0.0316631924147,0.0212593801237,0.0528634980571,0.00648658452107,0.0446898781138,0.31459078693,0.238294373257,0.0665446402894,0.026532360075
41,0.0897258597557,0.0833320443465,0.216048515242,0.0730354985336,0.0582249307677,0.126250797282,0.049665923038,0.0484406347901,0.0877434106516,0.0417499840357,0.0328048467308,0.064916568481,0.0280609863452
42,0.0228432308017,0.0426764673558,0.0770784721266,0.0402078146979,0.065690255066,0.0317768472134,0.0876328392553,0.0128520071295,0.0272816892055,0.159366461389,0.117969589049,0.249089439611,0.0655348870995
43,0.0140174390863,0.0110367281856,0.0804288445132,0.0112509394601,0.0236447803029,0.0174801735325,0.034028734265,0.00655850740895,0.00935287115191,0.304439782897,0.377255879539,0.0820125842539,0.0284927354038
44,0.0554248521299,0.0920147490675,0.127096065359,0.0364347781072,0.0688034266555,0.040940990738,0.11287711629,0.0158169686539,0.17724906206,0.0769291515567,0.0669060812666,0.109924770664,0.0195819874517
45,0.0721220573353,0.0685778734466,0.240190123335,0.032003792033,0.0665444986824,0.0535126901859,0.0578022692491,0.0160603143328,0.171167054416,0.0906547277688,0.0570426799921,0.0589685761738,0.0153533430487
46,0.0469748031167,0.0554714443821,0.0605012565611,0.064144310952,0.143787608164,0.0343580479681,0.113270916753,0.0396169072082,0.0795515224876,0.0977683565863,0.0591933689999,0.136847568622,0.0685138882
47,0.100084593885,0.0312132867506,0.0982060197484,0.0315318216647,0.0197120601823,0.0408875416593,0.0437336056814,0.0108167397737,0.0436139355118,0.193888554531,0.292966545537,0.0492429294537,0.0441023656205
48,0.0546611940756,0.0191657564803,0.0422187335068,0.0117351493969,0.022270912165,0.00843035675248,0.0311828331847,0.00590522730265,0.0274767375014,0.329107963649,0.380199069181,0.0427172685862,0.0249287982176
49,0.126162623037,0.155515853969,0.0861867215357,0.0635458565269,0.0636062586106,0.0643088512424,0.0772044203715,0.0235829048464,0.12203547291,0.0471013763515,0.0365166688177,0.092427666459,0.041805325322
50,0.0185632605495,0.0365835346242,0.0895062070857,0.0250390263157,0.0289192269119,0.0107637339937,0.0492919213433,0.00557784458396,0.0260917472261,0.316516561709,0.188087275915,0.154779426604,0.0502802331383
51,0.0302625642038,0.0173236305912,0.224469774264,0.0159541710438,0.026147577422,0.0361851437763,0.0373863314008,0.00636654982697,0.0395905961562,0.211124519666,0.282301954787,0.0587408964264,0.0141462904347
52,0.0953545960132,0.0814225712931,0.0844503040969,0.0601823426801,0.0487438374285,0.0893848685063,0.0857605220878,0.0317052941033,0.0906041120426,0.107253622562,0.0872354587697,0.0781426183305,0.0597598520863
53,0.0645524238906,0.0240471841032,0.0465517952573,0.0232508808093,0.0156285605802,0.018278546537,0.0337222130916,0.00524240397545,0.0263827208834,0.32120862329,0.314821554104,0.0554675413393,0.0508455521387
54,0.017993395622,0.00910175337899,0.372862613968,0.013544655748,0.019783866984,0.0521590321653,0.0249725010455,0.00757597826769,0.0198805659562,0.210665830376,0.216480150733,0.0248472286334,0.0101324271214
55,0.0245187178214,0.0722705413963,0.104305621109,0.0332341654848,0.0938297816773,0.027629852004,0.0900286427758,0.0188275594076,0.0535241643489,0.126762084475,0.144408009376,0.17208787449,0.0385729856343
56,0.011748110037,0.0234124049839,0.11713099541,0.0172422141852,0.0570168065779,0.0306027546171,0.0363610980789,0.0170606215957,0.00965630651011,0.219443885709,0.301856718219,0.123074096548,0.035393987529
57,0.0186529442148,0.017620262388,0.140018401379,0.0135598117713,0.0284206679092,0.0299358968664,0.0483584054936,0.00547477596065,0.0240511971568,0.251190384695,0.32033153245,0.0862459209802,0.016139798735
58,0.0242046832284,0.0268194515265,0.213313849852,0.0114789502902,0.0227481646955,0.0267237684974,0.0294470553539,0.00719271347583,0.0565139360668,0.26670599888,0.261700833821,0.0430681265376,0.0100824677759
59,0.0137677306029,0.0203243088731,0.0447608813378,0.00952588957697,0.0254108649079,0.00399881488915,0.0367586120867,0.00343731252027,0.0121224881495,0.316901070767,0.415219548754,0.0752485701362,0.0225239073989
60,0.0203224888223,0.0284773553347,0.144934839955,0.00733128438217,0.0251839258606,0.0121423286509,0.036743932322,0.00434460081339,0.0579806899865,0.310482990486,0.286365948486,0.0546946176943,0.0109949972055
61,0.0166187630078,0.0167408220418,0.0746236056529,0.018689712165,0.0454891442362,0.0161640529453,0.0464654898723,0.00806846866898,0.0255029030329,0.302044936445,0.266384968984,0.130324338721,0.032882794227
62,0.0262803425948,0.0782690781453,0.026015200625,0.072729367478,0.128678220077,0.0323500691375,0.106213179633,0.056680482711,0.0469620336342,0.0687390304215,0.0466298424293,0.175837285886,0.134615867227
63,0.0517908108749,0.0192168017235,0.131963623992,0.0206758343039,0.0224756092617,0.0255946685368,0.0355942592429,0.00578915937755,0.0290724647649,0.263814147685,0.33256623969,0.0401380077211,0.0213083728257
64,0.0122025695,0.00826193381659,0.155762203263,0.00743950442679,0.0218422626554,0.0155172913126,0.0249844596081,0.00475206185348,0.0228671480919,0.282097249001,0.384415897082,0.0497896707066,0.0100677486822
65,0.0233666607164,0.0123673082216,0.145729667102,0.00900677703571,0.0196504867824,0.0110150898456,0.0283481408887,0.0056061824225,0.0323547397914,0.280974066344,0.383541847144,0.0358039080379,0.0122351256681
66,0.0155228544667,0.0123404438188,0.0651428673786,0.0102288731979,0.0271127374024,0.00631278955097,0.0286967900381,0.00386409428125,0.0173653618793,0.304125476424,0.390621368312,0.09651721974,0.0221491235105
67,0.02948814889,0.010703495188,0.23462505138,0.0200995734317,0.0161951810624,0.0243529001634,0.0295466929922,0.00272625000117,0.0363933235616,0.267158645993,0.263579414824,0.0480150246821,0.0171162978302
68,0.0396419874067,0.0557155591412,0.0928492737635,0.0305829519802,0.0401566892886,0.0236798174131,0.0579573640043,0.008006018507,0.0364059273206,0.246613296747,0.210506829552,0.110335597675,0.0475486872011
69,0.0234853216914,0.0133150893224,0.0997841090109,0.0102658612155,0.015519971662,0.0117767854403,0.0288226386337,0.00375132771046,0.0312372554998,0.294705617227,0.390939205808,0.0618978969658,0.0144989198131
70,0.0128434744147,0.0345224789268,0.0927106186678,0.0124424357454,0.0366580244385,0.0285400093419,0.0475885151854,0.0147577298424,0.0304518449056,0.273657106576,0.309278568226,0.0841038299216,0.0224453638079
71,0.0342416506813,0.0833169280421,0.0586847826118,0.0558523469286,0.12320416668,0.0720668034073,0.0959352834262,0.0827999384923,0.0476821023355,0.0780490129381,0.061168040071,0.131457692457,0.0755412519291
72,0.0277203737047,0.054111017736,0.120259767748,0.0198161433989,0.0891875766554,0.026324348729,0.0903836444343,0.0236340798157,0.0844534453534,0.150934780351,0.140946541904,0.145940057549,0.0262882226212
73,0.0550230970086,0.0298159449851,0.117173454571,0.0327065727496,0.0536684978083,0.0233377155727,0.073251158174,0.0126908732605,0.0668031517662,0.23229694565,0.197834782777,0.0660792535096,0.0393185521666
74,0.0203152633266,0.0229688017012,0.252404697763,0.019966571794,0.0428636574404,0.0286889992602,0.0360852393187,0.0107134161755,0.0329550726172,0.212664499955,0.22637009368,0.0765570798057,0.0174466071623
75,0.0911989956941,0.141086116758,0.061494973889,0.0891921582968,0.0781657320844,0.111135481222,0.0582182332307,0.112883646624,0.0733926598011,0.023012665596,0.0329189990876,0.054521120242,0.0727792174742
76,0.0677001925253,0.0469208519237,0.0902164400404,0.0286571215471,0.0422377767867,0.013118068963,0.0748585375217,0.00771278413554,0.052255214643,0.229759564997,0.228155921292,0.0822394105676,0.0361681150567
77,0.0710695166918,0.020848675575,0.128111442177,0.0183969621468,0.0317887783588,0.0161023156704,0.0459639653478,0.00565909444761,0.0513640412636,0.250862510281,0.290344275427,0.0440926519595,0.0253957706532
78,0.0786096782218,0.022265358958,0.0765134752646,0.0288471599145,0.0364684325745,0.0136857875587,0.0533523672968,0.00964583289994,0.0542662248295,0.265955912057,0.263981697164,0.0581820233641,0.0382260498972
79,0.0802104064751,0.0832937897337,0.192307652467,0.0336135459197,0.0569333813353,0.0270777238779,0.0741203069362,0.0105325484936,0.258337229302,0.0651811347693,0.0494299712344,0.0579909845366,0.0109713249193
80,0.0224823531651,0.016107427817,0.0854534215349,0.01318622698,0.0357854649485,0.0207345936568,0.0455710994771,0.00926928590888,0.0363782666621,0.290307078332,0.327101131192,0.0713566886828,0.0262669616421
81,0.0795606093243,0.0492888931071,0.0888898408682,0.0290614087637,0.0344303223562,0.0151880932274,0.0522379104685,0.0076467384984,0.0442051490062,0.220424984233,0.266121891992,0.0695633185985,0.0433808395569
82,0.0253367197372,0.0203217877823,0.077748664433,0.00973171500431,0.0211362199074,0.00743527536722,0.0292854021828,0.00488596747437,0.0222596757941,0.279021075388,0.437533027478,0.0464719636136,0.0188325058371
83,0.0516983653733,0.0220040688099,0.0976271736193,0.0199290636532,0.0218388566288,0.0353450435124,0.0402611089292,0.00866045797208,0.0275290320173,0.238874338256,0.360167470656,0.051695661077,0.0243693594961
84,0.0471794241266,0.0414621236335,0.185630638025,0.021648762516,0.0306044287165,0.0401708346839,0.0559344757022,0.0112218378519,0.053534342502,0.225267737216,0.199151236594,0.0631836069551,0.0250105514769
85,0.0417760423354,0.0168947990094,0.0945690861222,0.0112191618369,0.026776688843,0.00821380762283,0.0421562239459,0.00538782395866,0.0380445350499,0.266206959091,0.382542961411,0.051440783171,0.0147711276027
86,0.0624749312861,0.0955488175819,0.0322159553982,0.0668541541234,0.0699200896215,0.0422189788319,0.0777047962184,0.0478876188714,0.011575574204,0.105027730526,0.0827208540257,0.111528976799,0.194321522512
87,0.070299679059,0.0220601356356,0.305033806721,0.0412629828279,0.0348137343875,0.122654596511,0.0462754092446,0.0239714924592,0.124298002158,0.0863975784818,0.0709273666035,0.0376101660648,0.0143950498456
88,0.029190637548,0.0276552759126,0.148236687033,0.0172431096784,0.0305448619039,0.011123115197,0.0404860964858,0.00258512857552,0.041652625533,0.325501771323,0.225991894772,0.0834058146502,0.0163829813883
89,0.0720546052107,0.0662082878017,0.154398116797,0.0370557680426,0.0521815496974,0.0385193477707,0.0646997112911,0.0139440396986,0.0565083249126,0.132173427287,0.183208083663,0.0916608260475,0.0373879117805
90,0.0932852849156,0.0296552845289,0.102957698554,0.0936574203952,0.0580683266963,0.0901258833753,0.0594454299627,0.0734537750121,0.0758728367466,0.0539667220254,0.112641833117,0.0771637320881,0.0797057725834
91,0.0362958348276,0.0521863346804,0.0461146346206,0.0293646104158,0.114806404743,0.0147699183739,0.107623143959,0.0264589241653,0.0557248041906,0.160469292841,0.144607566685,0.132897723291,0.0786808072063
92,0.068301091225,0.080759457544,0.0477882337125,0.0299482787977,0.0288767118251,0.00944555217768,0.0520074522118,0.00780701595597,0.0453317274274,0.218118491508,0.28604538155,0.0774132481947,0.0481573578711
93,0.042788195428,0.0289633485928,0.173071844088,0.01278419222,0.029108245247,0.0107106370461,0.0512615633244,0.00408184479017,0.07400672444,0.296492147749,0.217256333806,0.0462276562721,0.013247266997
94,0.0350119869442,0.0297457509644,0.127335852109,0.0166154947737,0.0319316723009,0.0457577738664,0.0387714303597,0.0155622229246,0.0463957556161,0.205976427195,0.338850320498,0.0497172610186,0.0183280514282
95,0.0501644204989,0.0611740557546,0.0492654799838,0.0479862956451,0.0402505518046,0.0222906978467,0.0635396955294,0.0188935722974,0.0228903889144,0.19777838635,0.23992159583,0.0838015680749,0.10204329147
96,0.0904093918895,0.0438361575829,0.0270857925552,0.0473230575862,0.0448389248916,0.0182331423314,0.0707932275437,0.0141488104166,0.021090376494,0.150756447449,0.22505193174,0.124191010626,0.122241728894
97,0.0150308842175,0.0382175802002,0.135846290144,0.0242436392117,0.0954175001152,0.0272132932887,0.0692375497959,0.0168831883263,0.0346194076176,0.190276311235,0.136087122346,0.180357562442,0.0365696710607
98,0.0310152475854,0.0153391720861,0.15943191373,0.0114718935526,0.0188976778878,0.0109529455781,0.0287733634338,0.00296139061988,0.0411053418768,0.348666556333,0.28639804996,0.0354662626578,0.00952018469911
99,0.0261672877975,0.028687108924,0.163672852658,0.025465192894,0.0460991841195,0.0414977050353,0.058757870447,0.0105093979237,0.0873654899559,0.208065417821,0.175117281595,0.109382927651,0.0192122831784
100,0.0382067378623,0.0502319911928,0.0856664678511,0.0296427506813,0.0799797732467,0.0302340788771,0.103288582261,0.0119007355245,0.065267412242,0.188658904487,0.11711060207,0.162348001825,0.037463961879
101,0.0165019484889,0.00945410882939,0.112652848595,0.00871506551781,0.0243639420881,0.0126704987747,0.0301495258352,0.00399387561742,0.0235574380419,0.305086357588,0.382780624767,0.0576649564741,0.0124088093826
102,0.0457708874363,0.0183213023841,0.149283144844,0.0242679503855,0.0358652860521,0.0454044022192,0.0472445322557,0.0150748849497,0.0255797595697,0.20842243681,0.293011843851,0.0622283652438,0.0295252039997
103,0.0775406522222,0.0438784757189,0.0385647797159,0.111075563755,0.0409737591685,0.12815220612,0.0600825076025,0.0606298401309,0.0191897219917,0.0913483828142,0.0611566372949,0.0769345763527,0.190472897113
104,0.0318767387564,0.0133326873785,0.07671112378,0.0156174826365,0.0144590375321,0.00689649410933,0.0370211654943,0.00205096147712,0.02527762829,0.414514911354,0.28184258357,0.0546140703825,0.0257851152384
105,0.0513295533585,0.0202524022645,0.0448152605624,0.0130495543291,0.0244183160874,0.0125010507255,0.0340136097927,0.00764381400584,0.0271700223422,0.259781538874,0.435438370769,0.0399205715329,0.0296659353556
106,0.0961807141189,0.0485935633172,0.0201182696417,0.0434608783378,0.0517321140205,0.0253227104292,0.0690970968661,0.0305733029854,0.0424547031393,0.167088363985,0.225410837588,0.0800380555784,0.0999293899926
107,0.0186894790299,0.00983217944045,0.138641675465,0.00828133694791,0.0139462248506,0.011907137717,0.0240989604824,0.00317857896662,0.0245886762308,0.307048116101,0.400853142904,0.0303248821828,0.00860960968155
108,0.0249287795826,0.0375670691971,0.0873167582815,0.0213219240931,0.0356211201709,0.0196268556503,0.0472253720321,0.00974064183665,0.0175438599057,0.215646430492,0.344797356933,0.105535449335,0.0331283824907
109,0.0468747341103,0.0293850700471,0.115956313391,0.0297380150083,0.0468314494151,0.107013197373,0.0708338856742,0.0626491689216,0.0227789333404,0.169945890766,0.189348698818,0.0518564290835,0.0567882140519
110,0.0174254417923,0.0272723112255,0.137426343376,0.0115440564096,0.0177518150194,0.00934436344919,0.0353279960182,0.00364196233574,0.0373471022886,0.310708727911,0.294886661082,0.0836354797084,0.0136877393833
111,0.0721745371406,0.0265712855039,0.317936273046,0.0215861961039,0.0407491780157,0.0417281621236,0.0456462654957,0.0145902125595,0.0750713424468,0.154999490831,0.144080784647,0.0342724477076,0.0105938243793
112,0.0492406230458,0.0618415016278,0.187651243021,0.0443024860324,0.0449112930834,0.0645149771744,0.0548982766974,0.0200072534532,0.0956387211952,0.1485982894,0.117903138289,0.0872830840149,0.0232091129661
113,0.0884875209145,0.0294398555301,0.109375642536,0.0778880738464,0.0681489239574,0.230877522979,0.0463883361241,0.119760200019,0.0816874547467,0.0391850830301,0.0337767116532,0.0354280055986,0.0395566690643
114,0.0240957639345,0.0576309297985,0.175448888327,0.0221236821135,0.0771068556921,0.0449312362723,0.0472594613573,0.0251102545158,0.0584200611399,0.17171360316,0.183023914868,0.0934705550322,0.019664793789
115,0.0294444032529,0.0292545029471,0.0412332252633,0.0254323533465,0.0347747437693,0.00733110717907,0.0521592246073,0.00617531790539,0.0312793894324,0.26008761985,0.316961492922,0.12208008623,0.0437865332944
116,0.0443315310865,0.0577793030133,0.0538770733647,0.0264139938066,0.0463454480309,0.0212637830045,0.0642935180257,0.017979608231,0.0353930003349,0.176245097179,0.263620040634,0.123649476315,0.0688081269741
117,0.133480814359,0.0865973780647,0.0392582269384,0.0668509196949,0.0679516571949,0.0529283645382,0.067730453575,0.0823504722383,0.0648459890338,0.0908152396362,0.0924090582006,0.0582048568349,0.0965765696911
118,0.0568488599423,0.0591983647801,0.0224372345787,0.06992227142,0.0488005024042,0.0194001864725,0.0849193276369,0.0187449458712,0.0203993801105,0.127322185298,0.110913583874,0.1280311603,0.233061997312
119,0.0933805378707,0.0882145487273,0.0214172468083,0.101665760034,0.0657361269493,0.0264126199644,0.107778669037,0.0307954943428,0.0617303386916,0.0575006899773,0.0460977597366,0.110433135124,0.188837072736
120,0.0477204045338,0.0285625872654,0.095280662771,0.0303164217814,0.05941493321,0.0245931473547,0.0566912172123,0.0116988917205,0.0320983232507,0.240063094791,0.200198246437,0.128824200365,0.0445378693061
121,0.0211016056539,0.010868042214,0.104972015081,0.00804392582203,0.0148531369944,0.0122251611453,0.0255361425436,0.00580373786293,0.0169326534295,0.283850168584,0.449205233453,0.0329055053007,0.0137026719151
122,0.0223808049341,0.0135137866888,0.14200376953,0.0128606245645,0.0153171545855,0.0230122562458,0.0205009838583,0.0146282790731,0.020563211617,0.172637021498,0.501828577033,0.0278026341754,0.0129508961973
123,0.0677957568872,0.0512888445872,0.062288702443,0.0388206408441,0.114160401965,0.0502345112409,0.0998653917017,0.0547138797042,0.122190384793,0.0971674785389,0.109733387076,0.0822790018043,0.0494616184151
124,0.0130171749135,0.0594828402073,0.171839633482,0.0266474978397,0.0740558824155,0.0480268472481,0.0810402838544,0.0181812160563,0.0482255457296,0.203764827838,0.0909054535121,0.138144666406,0.0266681304982
125,0.0235798056705,0.0164771779791,0.0815396729344,0.0106047125528,0.0197873258306,0.00556297215253,0.0295418214342,0.00268042355701,0.0213298392386,0.344122234394,0.376250857403,0.0501649652364,0.0183581916173
126,0.0503452161373,0.0454659250454,0.0755039774018,0.0184423844346,0.0523394047949,0.0194857040136,0.0714905492335,0.0143266124012,0.0499618011261,0.254389720548,0.234093285303,0.0656636905355,0.048491729025
127,0.127101626395,0.0767274990887,0.0697344266967,0.0481738267071,0.0544211430199,0.0308301207868,0.0800627543863,0.0123813157646,0.104998955437,0.131379791509,0.121303475176,0.0909491961795,0.0519358688543
128,0.024439303353,0.0302695098498,0.132551249475,0.017548333796,0.0290310010558,0.0220030676361,0.0410184858698,0.00983639849911,0.0292737694348,0.272500617012,0.300036852558,0.067497596515,0.0239938149461
129,0.0194115179476,0.0250432060122,0.194505598623,0.0139310366479,0.03466345862,0.026581425374,0.0445607554758,0.0131164239793,0.0550786617592,0.291827636632,0.219371162789,0.04575723214,0.0161518840009
130,0.0408880949214,0.0203861326366,0.23774181615,0.0131937459998,0.0190670698119,0.0140619729859,0.0431521617239,0.00191594753042,0.0722898821464,0.258482207129,0.230500926784,0.0377977965335,0.0105222456468
131,0.0259324039717,0.0144397669961,0.100302552791,0.00978949779982,0.0182329296226,0.0157930904977,0.0277317203778,0.00370485918071,0.0210000212632,0.292540262246,0.41382570394,0.0426641191933,0.0140430721202
132,0.0167503335239,0.0143590543324,0.0984819876397,0.00649236360682,0.0249980496146,0.0110402631313,0.0321066093278,0.00554596355756,0.0175874721456,0.298214931542,0.407285781143,0.051904774045,0.0152324163907
133,0.162168317541,0.139296394649,0.0335729187005,0.092044781305,0.0699045882846,0.0448822607609,0.072037734764,0.0579271200996,0.102015951405,0.0425213067198,0.0354339289968,0.0629472438132,0.0852474529609
134,0.146305802459,0.050499465856,0.0739723488638,0.0835652162022,0.0636295097272,0.0823500462186,0.0808968244429,0.0840484709469,0.0924594995718,0.047480360365,0.0881567797109,0.0450894695759,0.06154620606
135,0.0378559920021,0.0272607380239,0.0504633283832,0.0381956646407,0.0523397436131,0.02609712408,0.0893211637306,0.0146521470437,0.0543191999797,0.231925302013,0.163988956598,0.150553936223,0.0630267036686
136,0.159486018945,0.0734630318206,0.0407616257203,0.0749707202655,0.0354679894424,0.0824089318907,0.0392951806628,0.0583891922845,0.0180261211343,0.076850330885,0.153605660827,0.0489262314433,0.138348964679
137,0.0676035480634,0.0907023934245,0.0892624303363,0.0588507524125,0.0913949516351,0.0744203970742,0.0703476532484,0.0649606100021,0.0843014307318,0.0924620925434,0.065765844564,0.0845252561683,0.0654026397959
138,0.11937863378,0.0524322117985,0.0696278500121,0.0603716800386,0.0615222048706,0.0327425835027,0.059869501289,0.0297312984575,0.0624602362365,0.162263872744,0.143066341333,0.0592175689208,0.0873160170167
139,0.0459427376923,0.0422988599712,0.0531750271224,0.047017370813,0.0380396006355,0.0574238779934,0.0620375371052,0.029611603387,0.0101330574653,0.194908516589,0.190232004677,0.122701950697,0.106477855852
140,0.0492573747556,0.0745251745597,0.0300592122855,0.0578079251523,0.102628637028,0.0235580488465,0.0983671334053,0.0258265023505,0.0420364246854,0.0989598289209,0.0840770431126,0.192901778973,0.119994915924
141,0.0259084536738,0.0864933965277,0.0805729166514,0.0208897061419,0.0564937755805,0.0290345789577,0.0765180826821,0.0199752256049,0.0558793437043,0.161164391609,0.183053628176,0.171039535333,0.0329769653575
142,0.0657225456803,0.0596025144776,0.0883285593133,0.0364344596999,0.0432823196481,0.0158277350998,0.0530358437255,0.012821226136,0.0270287004986,0.199808475031,0.269035723656,0.0784462612182,0.050625635815
143,0.032823613893,0.0309775175949,0.0977679861105,0.0320337895732,0.0439816143027,0.0327197932022,0.0500162391034,0.0259739405944,0.0233365415581,0.166281783984,0.343508001241,0.0723695190633,0.0482096597793
144,0.0641005045768,0.0762092395203,0.0304525391173,0.0426923438899,0.0763357103876,0.0293722680453,0.0903694689412,0.038036429239,0.0490661294983,0.144993586179,0.133602380471,0.115898412888,0.108870987246
145,0.0152630547924,0.0100384139098,0.0688061606918,0.00618775103719,0.0121760462876,0.00668447235684,0.0220735146516,0.00328635360811,0.0171744219929,0.261558857117,0.522265063933,0.0417038272513,0.0127820623697
146,0.0368697479588,0.0859055678499,0.0343387729347,0.0977321732228,0.0929406361058,0.060413339538,0.0609633426344,0.0817729754378,0.0217279709257,0.0696130750723,0.0904150807582,0.143638877507,0.123668440055
147,0.0256078905507,0.0249534388622,0.0977069177478,0.0100764928231,0.033895462276,0.00819555486593,0.0491393196593,0.00466373876079,0.0355036729227,0.346454673825,0.288193635036,0.0585194809675,0.0170897217025
148,0.033132304689,0.05840508328,0.0845444043302,0.0709571828645,0.088431770928,0.0658529340397,0.0658458429882,0.0400134752884,0.0403371876594,0.0909064814657,0.111517593583,0.201647969367,0.0484077695167
149,0.170496125484,0.0534543251601,0.135423238542,0.0448215017024,0.0317228885501,0.0438293489093,0.0460782963588,0.0259463099517,0.0399298630065,0.137197294595,0.191203292056,0.0286058136914,0.051291701993
150,0.0591584293905,0.0135560729727,0.102057232092,0.0147959346746,0.0162604146812,0.014384141675,0.0271880488592,0.00433857806796,0.0356267464071,0.280188748089,0.38308117346,0.0336182531143,0.015746226516
151,0.0467828158546,0.0229426142812,0.265475096684,0.0197806232585,0.0469450261482,0.050927412558,0.0519411300294,0.0265559125166,0.125201449813,0.144889298485,0.148632399614,0.0394945988786,0.0104316218781
152,0.0617154472124,0.0468012234103,0.0547816783078,0.0289326532029,0.0924407296762,0.0298890715958,0.137631137356,0.0265024857353,0.0921586663441,0.158180528217,0.116321900992,0.0998780996902,0.0547663782598
153,0.0233643963672,0.0357344434776,0.0812066275842,0.0139326146634,0.0327250543072,0.0280825896036,0.0406556649216,0.0135850243493,0.0398548487765,0.274891697987,0.314336058749,0.073700378236,0.0279306009782
154,0.0699153220807,0.0495314003774,0.0725607212497,0.0321969462765,0.0619458559372,0.0380935235219,0.0639677622046,0.0212448069619,0.0551895438957,0.213819335916,0.206450846635,0.0561217026036,0.0589622323401
155,0.0725747577311,0.0235859844334,0.108393069946,0.0448798707053,0.0561423417112,0.120416802881,0.0962465239017,0.0432239177943,0.0516682469259,0.142870550318,0.105202899742,0.0708526757353,0.0639423581742
156,0.029819104837,0.0314910522091,0.0556485995328,0.0323169211467,0.0770816209206,0.0330792752532,0.0796269846013,0.0379830802507,0.0223009077494,0.194189505465,0.213096854914,0.116177654769,0.0771884383512
157,0.0262597219806,0.0470717397264,0.0854370492323,0.0163318218865,0.0534392988511,0.0181935602596,0.0564833538432,0.0109836241914,0.0412352492103,0.255673973995,0.255036131045,0.105667709984,0.0281867657948
158,0.0550278704495,0.16074051968,0.0221122085564,0.0783233144127,0.0926402155962,0.0341578133574,0.0675246442837,0.0940024040649,0.0247878815854,0.0370680324197,0.089424230132,0.0923468490101,0.151844016452
159,0.154229774762,0.0237527772487,0.0546000196545,0.0467042551746,0.0612646626278,0.0367629664904,0.0587769143259,0.0535944186006,0.035497430995,0.110299047417,0.240593663545,0.0512163910486,0.0727076781097
160,0.0175100586922,0.0123576419152,0.12505951404,0.00608151943153,0.0266969846142,0.0108819158384,0.0265239108988,0.00640560242089,0.0252796143307,0.2834747046,0.408650133032,0.0420876739748,0.00899072621063
161,0.0382544445797,0.043230945717,0.176584936854,0.0215763246198,0.0416659086364,0.0172224209967,0.059748986455,0.0107256096928,0.0429995804353,0.273462958045,0.191674572925,0.0481020424681,0.0347512685752
162,0.0592011325815,0.022683690803,0.149984650365,0.0425909688165,0.0371175623505,0.0448014172231,0.0607537278559,0.0104958162944,0.0564758892156,0.247518398247,0.155482763801,0.0733078112552,0.0395861711911
163,0.0563129855595,0.049408195363,0.161355096409,0.02677817604,0.0727770878939,0.0550551339483,0.106427887877,0.0197094750042,0.231591808165,0.0826190243047,0.0516794408026,0.0666404858548,0.0196452027783
164,0.0380006974793,0.0280833458425,0.0794648788265,0.0128326516621,0.029649829379,0.0154739991465,0.0416161026469,0.00627202352376,0.0279839635287,0.233677186454,0.395546735999,0.0679081265083,0.0234904590029
165,0.00773976980621,0.0145333098182,0.165369977044,0.00970155628786,0.02152806186,0.0187796167398,0.0318486415497,0.00464480766427,0.0195972094493,0.299371673658,0.299343851639,0.0964679993596,0.0110735251233
166,0.0608869610029,0.0226443853095,0.125308108065,0.0223448967361,0.0321374749997,0.0206905790497,0.0454073398271,0.0101267647588,0.0417570637198,0.232879841816,0.308804575244,0.0480140363037,0.0289979731679
167,0.101729005115,0.065422655072,0.021773082861,0.10111010492,0.0549475405399,0.037918758827,0.0744246567766,0.0829584587792,0.0164027446671,0.0761943032901,0.0552574679837,0.0467568138569,0.265104407312
168,0.12071398791,0.0604945552475,0.158818596508,0.0463309429393,0.0407678034086,0.0438301520539,0.0577392487429,0.0160895216279,0.0634307496679,0.123657050821,0.161673616811,0.0549062390547,0.051547535207
169,0.0429570918193,0.0367481094069,0.0368699350245,0.0283394667414,0.0253930116862,0.0353699036364,0.0412201128068,0.0205905891565,0.0131587804513,0.204839946897,0.376786808685,0.075808123805,0.0619181198832
170,0.049547527587,0.00816001941659,0.172978229622,0.0169575998294,0.0230493243101,0.0459505930869,0.0392709361695,0.0106559555638,0.0301148263931,0.213107883083,0.339586837683,0.0354963691989,0.0151238980566
171,0.0159900345002,0.0099893706477,0.131709643529,0.0116907057432,0.0156682202102,0.025451490579,0.0298333449166,0.00624381143389,0.016682021597,0.234273640905,0.446146590735,0.0421492382643,0.0141718869392
172,0.0184675526757,0.0100643958964,0.062675170109,0.00699457660448,0.0182710662397,0.0062658798466,0.0203754214474,0.00261305335605,0.0144786796156,0.361638632594,0.425538223363,0.038100268047,0.014517080205
173,0.0627599350924,0.0194611544509,0.095052265141,0.0267754397766,0.0367054873087,0.0153425460404,0.056238466702,0.0102750671839,0.0477487563959,0.231588955822,0.314361760235,0.0547201958644,0.0289699699866
174,0.036813208981,0.0334302788449,0.215767296181,0.0601613328869,0.0465528459996,0.137309800815,0.0633384787151,0.0553040158089,0.10064843142,0.0875410818558,0.0653096282502,0.0744593905374,0.023364209705
175,0.014561065622,0.0135436134498,0.0630383038948,0.0088027670407,0.0347055806433,0.00431896444324,0.0427212584888,0.00340189512505,0.0239415065296,0.407055981037,0.277650410823,0.0831310925777,0.0231275603252
176,0.0457830047587,0.0947849567063,0.106672160046,0.0371313203052,0.069604219284,0.0334717403407,0.0806545686786,0.0150641165634,0.0693692255662,0.154945409967,0.107960563187,0.145747804975,0.0388109096222
177,0.0257441784237,0.00933560279427,0.128583946355,0.0131368608002,0.00912989412518,0.0101742465608,0.0244523601885,0.0019261131869,0.0172280558282,0.307662436899,0.406656130086,0.0304188646322,0.01555131012
178,0.056327452195,0.0380895243191,0.0795790898658,0.0542056331749,0.0889807326937,0.0838782896701,0.0861258779743,0.0903987156388,0.0557048418075,0.107964345214,0.122561389447,0.0601553487637,0.0760287592367
179,0.0151300043793,0.0466778693119,0.057293170837,0.0511061556223,0.062287516001,0.0292361057107,0.0662710879607,0.0182021642766,0.0162902847226,0.183626194536,0.109761444542,0.223168768109,0.120949233991
180,0.108928671215,0.0330923310237,0.0783441136,0.0429230010656,0.0499531099416,0.0327086110654,0.061275568734,0.0260447115477,0.0381427650567,0.196642296501,0.186100503971,0.0671159550086,0.0787283612696
181,0.117977433416,0.108010738414,0.152154444491,0.0469364947203,0.048792590217,0.0485142860113,0.0490382714557,0.0319417852687,0.267198178279,0.0406833049075,0.0402062062682,0.0308826222731,0.0176636442778
182,0.0544196781759,0.033652166249,0.176750663328,0.0244599391425,0.0563979283609,0.0490376056129,0.0663220340484,0.0170595151871,0.0812989647227,0.179007197501,0.181706488815,0.056323111627,0.0235647072299
183,0.0400626569996,0.0345033434895,0.0782630887167,0.0269473104634,0.0342563561179,0.02465385216,0.0565222177004,0.00745108202616,0.0195202077619,0.26688261973,0.246651103346,0.112125199592,0.0521609618966
184,0.0464678587923,0.0429185661379,0.156879467729,0.0309013892305,0.0441654487846,0.026105599395,0.0619047983731,0.0071849894525,0.0686034282092,0.217543296356,0.17372160836,0.0915451675449,0.0320583816353
185,0.01817652638,0.0203325190036,0.110141233664,0.0114237968837,0.0305346755538,0.0289767348438,0.0515665609772,0.006996079908,0.0325193461527,0.290473072508,0.268487805278,0.107728293602,0.0226433552447
186,0.0547697150496,0.0309162465212,0.118820559724,0.032955783313,0.0272128933774,0.043241210133,0.0403231696584,0.0189659116676,0.0200808214625,0.247641525056,0.279662247945,0.0426268348759,0.0427830812161
187,0.0531806370296,0.0322102360622,0.0610810411558,0.0232334168092,0.0226423369494,0.0101260235779,0.040998428669,0.00464805233162,0.0335211908451,0.31322265339,0.301467290414,0.063157871951,0.0405108208159
188,0.0308047160839,0.0366151973551,0.142774837311,0.0149969534919,0.0500812866297,0.0361199954483,0.0483674307378,0.0220657492771,0.0410221432711,0.209154128129,0.285954540427,0.0574996190435,0.0245434027943
189,0.055386263328,0.0393160594936,0.0270744676518,0.0305915316999,0.0427767966687,0.0194411665661,0.0600928550451,0.0146842302178,0.0232083499215,0.215753520322,0.304804244029,0.0983723162416,0.0684981988148
190,0.0275202314791,0.018195418307,0.0945908998018,0.0226635114044,0.0382598551031,0.0196147282676,0.0530983952155,0.00949403431802,0.0195531260391,0.281018220339,0.290313645716,0.0899960388088,0.0356818951999
191,0.00945347664683,0.0108242077427,0.122451361415,0.00916385629901,0.0379196803721,0.0135437128075,0.0289264833362,0.00679409060692,0.0162919780061,0.345828290146,0.311079643216,0.0723603582829,0.0153628611235
192,0.0351447189354,0.0333365508181,0.0515272463279,0.0127525760732,0.0463622416089,0.00888372379723,0.0497545504984,0.00833624478037,0.0234711391267,0.286426226688,0.352983391796,0.0536354954509,0.0373858940986
