
Id,Blues,Country,Electronic,Folk,International,Jazz,Latin,New_Age,Pop_Rock,Rap,Reggae,RnB,Vocal
1,0.00111875744843,8.98718660199e-06,0.00384281596191,4.76842006321e-05,0.00174365737071,0.000335231480268,0.00175973528566,0.000222069122622,0.000144857415932,0.893631124518,0.0921485558461,0.00497854927645,1.797488623e-05
2,0.00581426987594,0.0118471440522,0.000112099771964,0.00842847075255,0.048416747763,0.000298187593132,0.0405812443053,0.000677002173904,9.04156201655e-05,0.0360558971866,0.844777714488,0.00220283367441,0.000697972743295
3,8.5306990098e-05,2.07307425087e-05,0.0267611025485,5.0417587464e-05,0.00916676675507,0.000153458994011,0.00881208504125,5.20299812399e-05,0.0075429894861,0.288768370234,0.624543512844,0.0338101040108,0.000233124784903
4,0.00259949061881,0.00983568067297,0.00680919169819,0.016554010001,0.0253115793786,0.00748409888536,0.00889164301381,0.00681449277286,0.00608952298054,0.025492528936,0.775477853027,0.0176877291946,0.0909521788206
5,0.00101851720207,2.66824253806e-05,0.011771203007,0.00080176983052,0.00454950756041,1.91703536698e-05,0.00102815153005,0.000556588007604,0.000941857687897,0.521941713983,0.457053001783,0.000291824875559,1.17539860327e-08
6,0.00190755524572,0.000241861546552,0.186818354581,0.00174265105215,0.0369680337549,0.00134982194964,0.0137644017154,0.00199543175953,0.0142409167178,0.516690854552,0.207161902647,0.017046792897,7.14215806635e-05
7,0.000179732988659,0.000116726400526,0.00220609213018,0.000145267494538,0.00660313757205,0.000780072212216,0.0113168037021,0.000480800282256,0.00210825079959,0.0958978818951,0.787132673817,0.0884732637438,0.00455929696217
8,0.00604856699637,0.00397934126558,0.0141526032237,0.00076745410111,0.0174117362901,0.0115696223495,0.00573208904909,0.016046703932,0.00456640579832,0.0596904267622,0.815517922291,0.0287510527418,0.0157660751989
9,2.73472920548e-05,4.90028283946e-05,0.00105633204483,7.99911982831e-06,0.000963580982088,0.000243111631701,0.00358926118887,0.000157307837845,0.000306125896199,0.174912918216,0.801137195168,0.0172004688173,0.000349348977037
10,3.99809617355e-05,1.30795177741e-06,0.00129995952586,1.0395355405e-05,0.00498885551454,0.000207638686771,0.00840707921348,7.57011478664e-05,0.000140451119978,0.0959456087075,0.868564921055,0.0202335009492,8.45998109039e-05
11,0.00335463720878,0.00068885362923,0.0123831998038,0.00249934021721,0.025486752162,0.00100512656667,0.0284617259051,0.00175573462645,0.00311602426104,0.764805198771,0.145146333569,0.01043271079,0.000864362489077
12,3.69092700281e-05,0.00915445888587,0.00156229232864,0.000273530094942,0.0713184953415,0.000243234230811,0.231564428536,4.76445197718e-05,0.0060572719783,0.0302161655272,0.640003711753,0.00934916057126,0.000172696962763
13,8.90715292796e-05,0.000494332962252,0.00339600495308,0.000228761266228,0.0302554623495,0.000273352613564,0.0151620533871,0.00113428239838,0.000932945610687,0.428363094256,0.514812224597,0.00418819452383,0.000670219553815
14,0.000222605350137,4.58081885009e-06,0.00998034416591,0.000127607954,0.00310873971439,8.95618218384e-05,0.00132592194501,2.96225737377e-05,0.000669486962219,0.366569534858,0.6129165944,0.00493049313942,2.4906296312e-05
15,0.107402035071,0.00282565456287,0.113883777544,0.0333924545999,0.0350424380721,0.0198568724671,0.0121964893776,0.00620119584843,0.0281205378353,0.130207821048,0.446438004433,0.0635165177521,0.000916201389363
16,4.2107427183e-05,7.56211709962e-07,0.590865018962,0.000113585931202,0.00827815511503,0.0059649102083,0.000851761738416,0.000758036465115,0.00239936410195,0.108538475447,0.280685685921,0.00137876324086,0.000123379229992
17,0.000383951449569,0.000480120624126,0.0548738138897,0.000407575453503,0.0203938635904,0.00351997101871,0.017733267623,0.000709429505319,0.0270882478888,0.253001503567,0.546894453667,0.0679246331341,0.00658916858884
18,3.66768255435e-05,0.000174669212415,0.00262519051044,2.29018300663e-05,0.00194240483776,1.34216861089e-05,0.000207133954417,0.000442008716783,0.000205500860344,0.251574614397,0.742736512204,1.83790632915e-05,5.85901777614e-07
19,0.20189080057,0.0262492780546,0.0249788639263,0.243422295649,0.0290540439355,0.0327257953145,0.00801949732042,0.0213199482029,0.090929750932,0.00421004996116,0.00712492581111,0.183209865863,0.12686488446
20,0.20102780624,0.0693403208231,0.0189687000554,0.18283680672,0.039627772751,0.0723564884518,0.0645876794458,0.0444209781644,0.0181524254002,0.00351840480458,0.0310784133835,0.0656794585405,0.18840474522
21,0.838357886601,0.00221595968753,0.000648636102669,0.0156419890816,0.00258669064473,0.000483880640987,0.00130238252529,0.000381283816583,0.00471078034637,0.0040483044397,0.118039731807,0.01152410358,5.83707258293e-05
22,0.0495282480805,0.000218617131646,0.00451877539602,0.00256084503263,0.00713938269729,0.000773488483838,0.0132478971292,0.00110131518031,0.00110032967602,0.527399040054,0.380562075493,0.0117489951885,0.000100990456887
23,1.90694975263e-05,0.0248995028875,0.00246108246571,0.00443493268853,0.0352251668577,0.00254165099706,0.0786230697168,0.000134051211812,0.0162947059398,0.24724994208,0.497584640611,0.0855956986406,0.00493648640567
24,0.0716434849561,0.105532339774,0.00487051765829,0.185191017548,0.106984491588,0.0124953535361,0.214453143907,0.0183702932058,0.0113665599604,0.244467233816,0.0107919281546,0.0086194923729,0.0052141435225
25,0.000150444634436,0.00105577776295,0.0034118322961,0.000435658966801,0.0355495450993,0.00132261293892,0.0312257031299,0.00249420267753,0.000436798350845,0.514150632146,0.405208064506,0.00434563105816,0.000213096433228
26,0.383458519543,0.0115655233276,0.00590252987861,0.0182933357111,0.00754900776867,0.00488017878227,0.00657518795688,0.0021757757329,0.00611459413386,0.027852215301,0.485936803764,0.0300334401711,0.00966288792898
27,0.000609931778929,0.000214705580129,0.00133763308414,0.000124903868644,0.00409739177469,0.00113537473381,0.0100777818239,0.000435682515705,0.000696092104168,0.33456529463,0.608651454098,0.0361898073912,0.00186394661697
28,0.00197207404193,7.93504970895e-05,0.00385081846197,0.000578238450521,0.0182211533166,0.00282713477613,0.0388876567277,0.000191895327359,0.00455800573295,0.0412318203745,0.787062768493,0.0969434221275,0.00359566167309
29,3.37601288577e-07,9.1344902804e-05,0.0176770357342,6.30276905075e-06,0.0124588764584,6.64702532206e-06,0.00296770558278,2.18554829417e-05,0.00108142238554,0.805344114934,0.160169943515,0.000171804933155,2.60867502111e-06
30,0.000657669512356,0.000602418403092,0.794368358969,0.00434858364291,0.0199674687677,0.0264851376077,0.00403576866704,0.01062220941,0.0401359327852,0.0758601177653,0.0162302285994,0.00440734132923,0.00227876454137
31,4.74233004148e-05,1.31843212515e-06,0.0113783227274,1.17581949974e-05,0.000817307006522,0.00012326393004,5.61932308999e-05,0.000381341057279,1.8887204454e-05,0.155031600032,0.832114312401,1.80012833226e-05,2.71199816056e-07
32,1.86041431882e-06,2.32812447605e-05,0.0643365362742,3.42450117398e-06,0.00526116522312,0.000461894547684,0.000929452663059,0.000548153088658,0.00145013926463,0.562963080461,0.363574169353,0.000343406961466,0.000103436003511
33,0.195824572697,0.0250794334197,0.00801137339392,0.0715719833856,0.0617408386743,0.00723868108339,0.178692798421,0.00615264451529,0.0156407087067,0.130874164239,0.264125081976,0.0328506835012,0.00219703598672
34,6.77545374105e-05,0.000415267343237,0.205453105652,4.92461308266e-05,0.0140955422617,0.0313592286872,0.00810741512677,0.102979646503,0.0056474179968,0.0134359653526,0.533196812107,0.0778310851256,0.00736151317574
35,0.287098789783,0.0108131905485,0.021118235979,0.00673994747644,0.0870259228163,0.000265464787724,0.010716836739,0.0228695333596,0.0611626518319,0.255438202904,0.21573039151,0.0168456035472,0.00417522871768
36,0.00722710900116,0.000955562887755,0.0418039189979,0.0160469494482,0.043594341465,0.00264913602592,0.150323210525,0.00265391632284,0.00499361541234,0.532217753374,0.166463793557,0.0302741116903,0.000796581293181
37,5.09312503653e-05,3.26546909522e-05,0.000830693306456,5.96588670062e-05,0.00151662532084,3.37441121166e-05,0.000911693064817,1.5134269176e-05,5.92386847917e-05,0.961418512132,0.0346036834121,0.000466251444607,1.17944483834e-06
38,0.00521233671794,0.00751843088145,0.0054897105703,0.0149082182173,0.0694594219996,0.000406097941963,0.279327469911,0.000140809542741,0.143620589858,0.129183204706,0.292936447617,0.0516449669359,0.000152295100836
39,1.25342892853e-05,4.08287682883e-07,0.972823153982,2.98194629182e-06,0.00158049260381,0.00295512866087,3.56940163283e-05,0.0222277570882,3.57584874197e-05,0.000318419977679,2.75054818642e-06,4.59299704075e-06,3.2711476887e-07
40,0.0524849483069,0.0010399400263,0.0209225536459,0.00396823897835,0.0169622675314,0.00331337910919,0.0479068393916,0.00239058079241,0.00826266518572,0.590801863381,0.19534091405,0.0563428050707,0.00026300453017
41,0.407949652102,0.00217322909103,0.16148001624,0.0502945282057,0.0332790479591,0.00475160987509,0.00806078773979,0.0617736931843,0.186709080823,0.0290997876921,0.0429203556587,0.0115071794338,1.03199507352e-06
42,0.000483124811972,3.58204473523e-05,0.139558338169,0.00153908667863,0.00724204489442,0.0071027167814,0.0146320513193,0.000198089025536,0.00854094592762,0.152476949982,0.386064256352,0.263504152862,0.0186224227491
43,0.00128042012289,9.3398569621e-06,0.00524648245777,6.71937021154e-05,0.00585218577531,0.00179750116781,0.00393774641522,0.00279419842024,0.000544429203118,0.0709124020429,0.896821030247,0.00987914971,0.000857920878665
44,0.494118539127,0.00955822571685,0.00420547511372,0.0660983556478,0.0543097353055,0.0827019970824,0.131861133865,0.0123316352402,0.0681861289889,0.00874223875348,0.011085374056,0.0445897101651,0.012211450938
45,0.0295013776668,0.0158329805201,0.514421495735,0.0260096197834,0.0479616570304,0.00168656457573,0.0181269086564,0.0112329174125,0.150184232378,0.095290566804,0.0169702509336,0.0727529899565,2.84385470868e-05
46,0.126126113061,0.00158591172186,0.102221665348,0.0270919259983,0.242285252127,0.0105144357309,0.29729388552,0.0348872506019,0.0317645109803,0.0233787425568,0.037325190832,0.0650832710913,0.000441844430497
47,0.255766648369,0.000360784620879,0.00276286906033,0.0104889942836,0.0029726533912,0.00118027286356,0.00186737310016,0.00024259802039,0.00188111563151,0.0120892088809,0.686336415958,0.0237211524137,0.000329913406128
48,0.000233130428335,2.87276761007e-05,0.00260943472126,4.52566079435e-05,0.00162957281893,4.45192697942e-05,0.000577862017043,6.23369021741e-05,0.000296002520727,0.289279022671,0.704087022039,0.001094808399,1.23039288377e-05
49,0.14118154224,0.495474885002,0.00126561450288,0.0796584036896,0.0474981028255,0.00774361099717,0.102361560334,0.00182321801697,0.0225393620917,0.00433004812446,0.0105534310441,0.0399669644109,0.0456032567213
50,0.000228418421437,0.00153749950874,0.0439744094788,0.00420967763058,0.00733424499757,0.015047561945,0.0229914318902,0.000100311976651,0.014336127649,0.729959102943,0.0978344017065,0.0593373069841,0.0031095048684
51,0.00108690154399,1.712383053e-05,0.339051752517,0.00030358734251,0.0271549949683,0.00496062933497,0.00993653747526,0.00427110158489,0.00785794309548,0.333684831028,0.262255977772,0.00870755054272,0.000711068965062
52,0.0930741014202,0.0120537038703,0.008687683296,0.00695852987977,0.037460581035,0.166012184641,0.215756187725,0.00768542027833,0.0591717735428,0.0207605531159,0.155621784178,0.177265023249,0.0394924737669
53,0.0140627296462,4.97355406042e-05,0.00152744109879,0.000285342887162,0.00171557161569,0.000322377696826,0.00145613810064,0.000730180405579,4.72007075574e-05,0.253397556388,0.725764834433,0.000628198367241,1.2693112541e-05
54,4.44381849248e-05,2.04625356611e-08,0.708124142206,7.49897994401e-07,0.000488992020405,0.00145043051283,7.6451577533e-05,0.000205075169884,0.000117241938324,0.0777647951583,0.211664371348,6.31903430432e-05,1.01179960305e-07
55,0.00268565378652,0.00203903030793,0.0927313782071,0.00176013002298,0.033245119116,0.0299392749747,0.02777226589,0.0155555596942,0.058907226674,0.022452683009,0.352196904342,0.292468903341,0.0682458706354
56,0.000169351256423,8.50661882539e-06,0.00677651067583,1.31915160454e-05,0.002158285869,0.000724369324355,0.0011918617382,0.000274902298436,0.000634575278797,0.0082836205009,0.951188817784,0.0267551995305,0.00182080760861
57,0.0089009740314,5.15696470644e-05,0.0297632665621,0.001237904734,0.00994837284867,0.00342691100402,0.0252397587899,0.00323796218382,0.0056484668782,0.516130555469,0.3682078737,0.0269384741039,0.00126791004789
58,0.000723926401555,0.000635445420308,0.0915862649004,0.000122036520611,0.0138716337907,0.00765016352394,0.00497441976118,0.0120949444527,0.00341859373771,0.144563565886,0.713975521198,0.00486844584956,0.0015150385575
59,0.000534351878547,2.74079475161e-05,0.0163521455887,0.000199718446288,0.0106962795651,3.10489495173e-05,0.00943974063374,2.30347818422e-05,0.00235013667417,0.631713749274,0.318593537569,0.010029812508,9.03618297905e-06
60,5.58492036576e-09,9.1396140313e-05,0.00273489392858,7.05251390127e-07,0.00236669928041,2.71029918666e-05,0.000169110736372,6.24272115976e-06,0.000532450905844,0.43642910031,0.55697398099,0.000514875783548,0.000153435375828
61,5.71228818838e-05,4.01949955362e-05,0.00804647756924,5.99547494653e-05,0.00696043359186,0.000589030569317,0.0061600966588,0.000642094996189,0.00333477830665,0.0832267405773,0.865833347651,0.0234627333453,0.00158699410706
62,9.61136958096e-06,0.00312758253982,0.0123213099236,0.0045041780933,0.0465230606292,0.00526842568767,0.0512962489745,0.000678586439198,0.0450101403642,0.127342713152,0.518528834017,0.134088228322,0.051301080488
63,0.0237717643656,0.000258380259012,0.0354589071797,0.000959627128001,0.00860196209324,0.0131555088859,0.00373095600878,0.000941176029262,0.00109089483312,0.701528309215,0.204266170989,0.00582530554056,0.000411037472488
64,0.000132304106051,3.28236211874e-06,0.202241628696,0.00036862718377,0.0274308500241,0.0020437983122,0.00434900922202,0.000666574946032,0.0056227485397,0.296911582562,0.452131834069,0.00650684330634,0.00159091667098
65,0.000630858948761,1.60163086931e-05,0.0475415644726,0.000647193823383,0.00932343345436,0.00112251512219,0.00179889514003,0.00131999454083,0.00118109277252,0.293909109159,0.640849895182,0.00162102292426,3.84081519219e-05
66,1.18584556322e-06,1.17404319855e-06,0.00361097985406,1.58947144559e-06,0.00118345016893,2.63249600866e-05,0.000385590412438,7.39038660288e-05,9.87108334704e-05,0.722833508706,0.27168531287,8.25184097625e-05,1.57505590035e-05
67,9.469280956e-06,2.41958675245e-07,0.842728241744,4.55288337675e-05,0.0105145476695,0.00241648788841,0.000421405329059,0.00125842162275,0.000533690976898,0.0478647857511,0.094078559928,0.000125773840834,2.84517658335e-06
68,0.0121620495251,0.00050235827426,0.013125764547,0.0035154083575,0.0263071878359,0.00999199246896,0.0725677607204,0.00388572016519,0.00613567049047,0.332183077492,0.453018294826,0.0629012418815,0.00370347341607
69,0.000149070565147,4.73501734971e-06,0.00240538397776,7.12627557046e-06,0.000804478857764,5.19789844985e-05,0.000310687910816,0.00169019940534,6.93126348631e-06,0.123677074337,0.870828801242,6.1911639147e-05,1.62052363651e-06
70,6.67139459157e-07,0.000109085494534,0.000479187544229,7.26718254477e-06,0.00162196568579,0.0001194626559,0.00469816650518,2.46239566466e-05,0.000127104913608,0.718194993876,0.268439056991,0.00614198473104,3.64333242497e-05
71,0.0220012857777,0.0370375026614,0.00692710141096,0.00913803994692,0.187641991688,0.0297342586781,0.368120507825,0.0131511783751,0.0242181310893,0.0279764482637,0.145716404476,0.111884987803,0.0164521620045
72,0.000589286195685,0.00271204536488,0.132194649456,0.000689311613477,0.0781381373513,0.000252624470708,0.198850289187,0.000375887954669,0.0565337392081,0.182059842658,0.116265318473,0.231004938381,0.000333929685691
73,0.0335387571923,0.00140952259606,0.00758143290709,0.00339671014771,0.00895934495889,0.00419153511418,0.00666968733524,0.000183226390153,0.0026828814483,0.143974396552,0.719678671421,0.036748141566,0.030985692371
74,0.00465101042876,0.000719837614875,0.73277358704,0.00127019377124,0.0378145651792,0.00573594495405,0.0193205040287,0.0404868924464,0.0121785643452,0.129508130496,0.00934531269738,0.00604931701018,0.000146139987452
75,0.0784231218903,0.377221614191,0.00438906383033,0.340820392981,0.0465134920216,0.00894619579242,0.0202293299121,0.00720437858299,0.0425328111094,0.00300207649298,0.0135620314716,0.0256493084038,0.0315061833201
76,0.113472658233,0.164463287659,0.000514030424041,0.053276650058,0.125195458528,0.00118302044856,0.169521137049,0.000805102043197,0.00510292653156,0.0234491145409,0.2950307118,0.0283682076856,0.0196176949987
77,0.00132945502912,1.33106828203e-05,0.0480647944171,0.000333022486423,0.0071864753445,0.00139676434547,0.00356057527767,8.83887625712e-05,0.00376160407853,0.252461227615,0.622103836696,0.057538329883,0.00216221538127
78,0.198887267648,0.0576407283913,0.00224608846859,0.0413458014258,0.0355420694884,0.00523160625787,0.0974423660819,0.00959574346218,0.00613237790888,0.0631320734202,0.4451121845,0.0312093591217,0.00648233382487
79,0.0808879567952,0.00309913039626,0.159776195079,0.0192672046699,0.0261688474475,0.00246041366913,0.0175256713634,0.00893644349324,0.63007746933,0.0398850572958,0.00493411025283,0.00697207056923,9.4296388227e-06
80,1.07812655422e-06,5.60956369335e-06,0.00128838378752,3.08915130246e-06,0.00265977170534,4.04476834606e-05,0.000849431313457,2.07751528234e-05,0.000423562660972,0.205280828209,0.787703840046,0.00160487700219,0.000118305597825
81,0.143857818213,0.0374602434066,0.0237485054146,0.0814122899296,0.0813381054489,0.000419883787996,0.0242427130231,0.00338605390453,0.0614845994188,0.125276535302,0.411214302514,0.00593162250024,0.000227327137658
82,9.23853442059e-05,1.02481858988e-05,0.00153210157822,1.99253543077e-05,0.00196156911813,7.30099247524e-05,0.000637284982757,0.000335894925924,9.87008810874e-05,0.569137305318,0.425663219388,0.000422700122333,1.56548765629e-05
83,0.0644257638256,0.000612912984662,0.0252727987729,0.00800339304278,0.0194856760468,0.00155253332543,0.0166481033057,0.00161890541992,0.00375774348263,0.401582332006,0.445211564989,0.0117519365593,7.63362395121e-05
84,0.00302919412517,0.0114855062967,0.114268915477,0.010740489569,0.047953339128,0.014448992642,0.171565902045,0.00282276839776,0.0985907776544,0.101394069305,0.0505273959864,0.359155069321,0.0140175800531
85,0.0291737185032,0.000644784580131,0.00468146659395,0.00358001536623,0.0196820651905,0.00100435471826,0.0825709893573,0.00101143598415,0.00518739419573,0.569026228815,0.249953650194,0.0333271995137,0.00015669698813
86,0.00835561468708,0.00458514255645,0.0537972651288,0.0124213443092,0.0452384763831,0.0240626872938,0.0398859114852,0.00097926999657,0.0617057718568,0.00748963113036,0.00326971533676,0.577794990636,0.1604141792
87,0.0734685340602,0.00176061423717,0.342372540194,0.0358950352971,0.029264139634,0.0745489564277,0.00948387403307,0.0684386547309,0.0753775010057,0.0349349440061,0.140051761683,0.113695563052,0.000707881638529
88,0.00765041369943,0.000329498983335,0.0139374846362,0.000804342181719,0.0102180920673,0.00105834211334,0.0121447297694,0.000784610267925,0.00169542654909,0.843320411848,0.097736125857,0.0102641028199,5.64192076566e-05
89,0.446707763142,0.110570125354,0.00546455155831,0.068435056913,0.0283675877122,0.00722355138723,0.0782273517819,0.00257377371586,0.0196296471971,0.0277848979145,0.161203804542,0.0270234733145,0.0167884154674
90,0.0549778687184,0.00605177633819,0.0128172194126,0.00827197562689,0.011383702144,0.00931271258408,0.0133903353878,0.00333785311339,0.027537554116,0.0220096789114,0.564841554512,0.23923779927,0.0268299698659
91,0.000753244890244,0.000397428382479,0.0160089435971,0.00178660666717,0.244254871687,0.000953735836746,0.096631553819,0.00283547700277,0.0107742813178,0.030348709367,0.564386999318,0.0285560435478,0.00231210456594
92,0.0010705405688,0.0204027662943,0.00114359320019,0.00027029230037,0.0106076607152,0.000474998448018,0.00299750845249,0.003863636615,0.0108794222539,0.0333537057145,0.8300718977,0.0485586868579,0.0363052908794
93,0.00369065436535,0.000748900621774,0.0805720101839,0.00233067062615,0.0508694393468,0.000777603928639,0.0272931524826,0.00128290517421,0.0243938648832,0.664026120019,0.128250760089,0.0156764166999,8.75015795968e-05
94,0.00363367297298,0.00134995595502,0.0171129078364,0.00134649398953,0.0295272197512,0.00311112499548,0.0202280699085,0.0270407384127,0.00299815494507,0.17267495229,0.713860253665,0.00588371083101,0.00123274444724
95,0.116337045238,0.0477486070598,0.00141938639641,0.2131923573,0.0448123864374,0.0171870459126,0.0286844708838,0.0029179182455,0.00910858987783,0.00262170578155,0.143391487237,0.117209000423,0.255369999207
96,0.0918417373026,0.047696124603,0.00148541265426,0.0146671569875,0.0361441194183,0.00674909343871,0.22320644495,0.000976808091907,0.0105607432609,0.0378082512826,0.425880892678,0.0745853087649,0.0283979065668
97,0.00137750266753,8.50120423819e-05,0.0438748826137,0.00126892893415,0.0474133927259,0.00128351513721,0.0547217109892,0.00153609432024,0.0037526416532,0.178078530903,0.630082032633,0.0361365987884,0.000389156591317
98,0.000238083445141,3.05739179566e-05,0.0398866033287,6.43909757883e-05,0.0065436718748,0.00108095939413,0.0010520236942,0.000523047259697,0.00053047869239,0.835710099493,0.113876083334,0.00044238298641,2.16016032613e-05
99,0.000301538022286,0.00271971766311,0.0232470160325,0.00137683583157,0.0253872209185,0.00303511749406,0.043463029174,0.000606348136699,0.0319906077805,0.379018901271,0.382729355258,0.100051709852,0.00607260256592
100,0.00196488188978,0.00137066678172,0.00968006583344,0.00109280268724,0.0270164053333,0.00263378207564,0.0427454023383,0.00123497173021,0.0022679329077,0.690361939093,0.175880105463,0.0410903713575,0.0026606725091
101,9.42559976875e-05,2.28625204598e-05,0.00549603357699,0.000269538934293,0.0149585293869,0.000692950516688,0.00513463910968,0.000360656506594,0.00228947938072,0.200723689939,0.758180599109,0.00895621045979,0.00282055456198
102,0.0113286282322,0.00491898851655,0.125579260473,0.0198184818139,0.14470987277,0.0164762881952,0.085445258811,0.0232552108548,0.0440067815828,0.305766370937,0.174569139207,0.0291269810693,0.0149987375374
103,0.103566319174,0.0330941349228,0.00333965759376,0.0293315197971,0.0238256587801,0.114210590866,0.113906003289,0.00318926215466,0.0241778402668,0.0755361018615,0.120662765181,0.119376791251,0.235783354863
104,0.000375285864769,7.71114652511e-06,0.059062146787,2.71029947829e-05,0.0143170166337,0.000488572719435,0.00543029230525,0.00393329314335,0.000282155837243,0.718490402037,0.197439608425,0.000145972166123,4.39939956311e-07
105,0.00115718287606,5.14586590921e-05,0.00343011890381,0.000430709819649,0.0101451001889,0.000113307181965,0.00444961576676,0.000370185850548,0.000553175331207,0.391001277635,0.587101318802,0.00118292162701,1.36273586159e-05
106,0.000703391762673,0.0124324406616,0.000583929001639,0.00358074741662,0.0492862015283,0.0025817468105,0.289380035001,0.000117361943188,0.0141307525101,0.0529027197315,0.340257349585,0.218168781068,0.01587454298
107,0.000114354907378,1.72063724977e-06,0.0272084737886,2.99151115256e-05,0.00187614004235,0.000698709303094,0.000384465121334,0.00176761918687,5.3812049982e-05,0.138157200545,0.829524267002,0.000133214155963,5.01081491297e-05
108,0.00126560849068,0.00221112839724,0.0170863311951,0.00669484259589,0.0133262933449,0.00858999747504,0.0265230841214,0.011896555485,0.0136403534179,0.302466915614,0.385658792004,0.182234676721,0.028405421137
109,0.1066787395,0.00209197209197,0.021319083614,0.0158731951355,0.0172599066293,0.50693425067,0.0788121711515,0.165145142272,0.00857954957216,0.00746028060306,0.00992857028514,0.033540035508,0.0263771029673
110,3.38085751604e-05,0.00204305030871,0.112786206055,0.000145701641217,0.0140139226366,0.00101825332674,0.0132591424421,0.000852507168113,0.0121455810232,0.317107386648,0.46766537859,0.0573509955235,0.0015780660627
111,0.0107304872415,0.00244713746307,0.51217976901,0.0115584528698,0.0720648057562,0.0159102802527,0.0167168982404,0.0162919545904,0.073730472974,0.134801143859,0.122688872529,0.0104295829999,0.000450142213672
112,0.00477635108455,0.0489262869307,0.0594164478122,0.021546833879,0.0595175422433,0.0225798892801,0.129762957661,0.0049869372025,0.0831605838014,0.341980316877,0.119130328862,0.0812427287723,0.0229727955953
113,0.205324396526,0.0136692070323,0.00599890123335,0.0766577730514,0.0199295121689,0.156424280779,0.0693072169567,0.0192150804618,0.00796667950439,0.0144869801974,0.0284589163257,0.0344300527528,0.34813100301
114,0.00013121599101,0.00431708474557,0.0155493797353,0.000304865938555,0.0291093195886,9.04340444717e-05,0.0566755349617,0.000203646474272,0.00505018953298,0.078791937216,0.782783039172,0.0267528687037,0.00024048389583
115,0.000274780888512,0.00304753745286,0.000559297951845,0.00338877505493,0.0155828844907,0.000631485917923,0.0283084849396,9.26609434986e-05,0.0013631643587,0.0194545480837,0.832879467878,0.0925870996807,0.00182981235892
116,0.001074083642,0.000349494973782,0.00066434192878,0.000251812371675,0.0237209727574,0.00256518756135,0.0251553027944,8.08208678345e-05,0.0077864739945,0.0038184231459,0.82160502622,0.0949225457045,0.0180055140378
117,0.0584502390423,0.440016899396,0.000918817161399,0.0619671610509,0.0628981426837,0.0100708973215,0.0978623947319,0.00296999490267,0.0237392983706,0.017068896748,0.0711635463366,0.10257746783,0.0502962444243
118,0.155133251964,0.00906563512722,0.00338309441887,0.103835449343,0.0911833209197,0.0188982382254,0.0859539650375,0.00207035195297,0.00513761772658,0.147284016015,0.153961887028,0.0894165671564,0.134676605086
119,0.173706989806,0.0019702998968,0.00678215766081,0.0225317373941,0.120385593172,0.0379890419922,0.187762292403,0.00312799770826,0.00935776207363,0.0447059854862,0.258557332118,0.0839704949126,0.0491523153765
120,0.000799347386581,0.000509320181042,0.00524904888324,0.00057607564215,0.0217486006586,0.00203133628984,0.0208832476717,0.00130307067498,0.00130054870086,0.545179581563,0.372791502224,0.0232232754983,0.00440504462601
121,0.000125546220397,5.51871411407e-06,0.022777101845,1.11970191626e-05,0.00540724691172,0.000242575914869,0.000769677673253,0.00216842722478,0.000143995493465,0.472270131245,0.495966160246,0.00010713249037,5.28900123935e-06
122,0.000429743843862,6.62039828197e-05,0.0677200965778,4.60551990731e-05,0.00132254981081,0.00100316948251,3.55855852977e-05,0.0477020473675,0.000161992950719,0.0111007758851,0.870145410714,0.000253012812913,1.33557874257e-05
123,0.0126632947235,0.0444822736113,0.00525590309666,0.00579114072156,0.0502806670866,0.00303375916933,0.0629807686873,0.00280546105729,0.00616092787531,0.452444357429,0.304584237105,0.0441274148759,0.00538979456196
124,1.34924020274e-05,0.000190392279943,0.197314463846,0.000864039807723,0.0355920556539,0.00231483453811,0.145637944552,0.000937452575186,0.0505866947342,0.173850781095,0.0326278667633,0.360022569928,4.74118240752e-05
125,0.00109249830228,4.94295240617e-05,0.00703975898909,0.000279556685129,0.00356210225191,0.000179353107196,0.00152951426023,6.75122466501e-05,0.000276268422682,0.678602904437,0.306104690337,0.00121265960451,3.75183305741e-06
126,0.00486652506576,0.00124832610865,0.00168879381419,0.000422295984046,0.0119869193659,0.000311857575797,0.0220261138025,0.000405060639651,0.000900624985577,0.623247548835,0.323264679874,0.00945018908239,0.000181064865786
127,0.068425477672,0.340059302315,0.0209074984206,0.041260708614,0.0748602371643,0.00915524421072,0.0698209993861,0.0055526964441,0.0275270582144,0.245258893929,0.0692116924097,0.0248693265746,0.00309086464619
128,0.00156007079479,0.000201096826894,0.00280041692144,0.000194017291292,0.00581300480607,0.00019666386834,0.00610075283903,0.0007479869202,0.000227145474962,0.31717529162,0.663404154123,0.0015188599543,6.05385603184e-05
129,3.03398081865e-05,7.63418067694e-06,0.00823820461927,2.30445700134e-05,0.00925620957838,0.000140546720258,0.00131665967435,4.02114325137e-05,0.000467751573284,0.710568823216,0.266637455565,0.00312308375545,0.000150035306706
130,0.000506037774765,6.21054755994e-08,0.0782078892066,3.19402989437e-05,0.000858088946536,6.16161354353e-05,7.83537431924e-05,0.00061337152345,0.000979817070974,0.0157878440282,0.900233707461,0.00264121802072,5.36846555527e-08
131,8.58223379458e-05,2.24035405674e-06,0.00476766499649,5.95139014253e-06,0.00228352066796,0.000137470953031,0.000449691928114,0.000893913031575,4.58276411398e-05,0.748243243786,0.24300768304,7.01035023598e-05,6.86637116683e-06
132,0.0006321913386,5.42473220147e-05,0.00330756900543,0.000639441438992,0.0110917489392,0.000465534842182,0.0032972436184,0.00111328294155,0.000870855515136,0.148717383406,0.826001313795,0.00300406663561,0.000805121201598
133,0.214665656163,0.549294388621,0.00329592217313,0.00678090298445,0.0304602980033,0.0118342429048,0.0443815149949,0.00755584879624,0.0588602262044,0.00540430116608,0.00458627178084,0.0336925081776,0.02918791803
134,0.27253563385,0.0935747446161,0.00873285508368,0.0560079944903,0.0566613195708,0.0149578869053,0.211266629559,0.0236529333686,0.0474963115817,0.0733552865333,0.108545135462,0.0300196385984,0.00319363038001
135,0.000205232800882,0.00140287238272,0.018350985135,0.00207996070459,0.026201685304,0.00254648861937,0.0400939529309,0.00108762189642,0.0176461530204,0.370906779758,0.446504415378,0.0679020065873,0.0050718454823
136,0.0726179619755,0.00437020299255,0.108126396037,0.0159024681637,0.0297660536679,0.0380558282019,0.0248760637627,0.0001452693614,0.0317237071714,0.000805858945082,0.595057930792,0.0785369403367,1.53185923299e-05
137,0.0199709764751,0.160758614841,0.0139788995362,0.0126218044615,0.0561852182505,0.0250446623365,0.0986779570753,0.00366883964802,0.0771295316991,0.0659113227745,0.209320601468,0.209829969446,0.0469016019892
138,0.0843394622921,0.0240082499297,0.00343485128297,0.0240088079332,0.0277519924851,0.00320808270061,0.0410125226082,0.000947220891039,0.00331207853048,0.369080545536,0.365209028441,0.0471477230754,0.00653943429379
139,0.267463844771,0.00645265249434,0.0231497013907,0.0118985954273,0.0357128509263,0.0377193661078,0.151654236738,0.00180525875837,0.0329161033989,0.22621355951,0.124979996689,0.076753409866,0.00328042392152
140,0.0123293313474,0.00109213947412,0.0178946724132,0.00592312332396,0.0441025569498,0.00788767038096,0.143865356764,0.000582591121656,0.00684782084511,0.358517380841,0.258678548153,0.133489631415,0.00878917697109
141,1.3687414894e-08,0.0512450950289,0.000361820679243,0.000204229673676,0.0564546552685,0.000352952839745,0.23472517852,2.63083914495e-05,0.00142919932098,0.206961440342,0.419766640674,0.0280628681185,0.000409597456384
142,0.541416904515,0.00426258974208,0.00171474797806,0.0151288962649,0.00890023440443,0.000956675611639,0.0148941948033,0.000396689755325,0.00317873432615,0.0361765387266,0.35514369355,0.0169888406916,0.000841259631341
143,0.00602318955095,0.00229192221915,0.0122545583549,0.0141007987102,0.0150285713891,0.00537486319237,0.00651565146052,0.00408641470306,0.00416183494025,0.0301122832802,0.83105735391,0.0254826984138,0.0435098598754
144,0.0349098721269,0.021043734752,0.00532829965679,0.00730108504531,0.166784329081,0.0258356185835,0.3726855761,0.0139811669646,0.0170668467299,0.0162034440376,0.24441015584,0.066515073747,0.00793479733559
145,9.35215918433e-08,1.98692346812e-05,0.00940205706797,2.85341201322e-06,0.00273256229728,2.19849580073e-05,0.000717416842149,4.95361005619e-06,0.00268137918548,0.37888447057,0.602927605247,0.00251136069407,9.33933592806e-05
146,0.00746863303106,0.00701934679448,0.00637497398998,0.0054519473179,0.01908235269,0.0688152418362,0.0397092872597,0.00401472226543,0.0369380217544,0.00736374572775,0.321860723408,0.261995489673,0.213905514253
147,8.03744334602e-09,7.43350390782e-07,0.00233707207065,7.31026537368e-08,0.000444181675089,9.73513050502e-07,2.12013843082e-05,1.12188044265e-06,2.43048112329e-05,0.914500749917,0.082665338149,4.1712082837e-06,6.089996067e-08
148,0.00155347473149,0.00169267283914,0.0153747258255,0.000877914425044,0.0155655366285,0.00684386026911,0.0324040503051,0.00461965705422,0.0169061754953,0.10261483577,0.453562137371,0.314137048433,0.0338479108529
149,0.0381825524709,9.03248986979e-07,0.028940138981,0.0116745903448,0.00133833579809,5.46562826848e-06,0.000136458466546,0.000108857594666,0.0113687040407,0.0106126615496,0.897006438898,0.000624887409967,5.56853888946e-09
150,0.00295938500439,1.72844944685e-05,0.0233091113835,0.000521250387475,0.00778828585957,0.00140750462504,0.00251503773961,0.0012260428014,0.000547466643882,0.219183422416,0.736630591766,0.0037048080716,0.000189808807738
151,0.0249522558506,0.00137168977814,0.158081706216,0.0109818279835,0.0527060664178,0.0304872177077,0.0475362763829,0.0440870328055,0.0372838291171,0.249964995489,0.264256321298,0.0627738918424,0.0155168891113
152,0.11502336671,0.0021476976688,0.00070136363572,0.00469109080162,0.169080948956,0.0152476240756,0.513664015211,0.00745781695507,0.00535380260433,0.00127614193879,0.135997728107,0.0268353680974,0.00252303523877
153,9.93357145509e-07,9.99543496522e-05,0.000577086980204,8.19683524874e-06,0.00305078740104,6.96244837842e-05,0.003068607142,1.60290748948e-05,0.00119121129159,0.182568555054,0.793477366716,0.015339039313,0.000532548002042
154,0.0202247973913,0.00281483551194,0.0169898794979,0.0032160707789,0.013967193532,0.00924974299101,0.00396454065084,0.000604751240668,0.00222652573322,0.23554354166,0.644155824491,0.0212424005745,0.0257998959462
155,0.489703631482,0.000677448183055,0.00525408009077,0.00437386347655,0.0276827799535,0.0845433153861,0.148002527738,0.00758818412635,0.00267364016099,0.0570200476269,0.134450334525,0.0331638558187,0.00486629143165
156,0.0329029726891,0.00647460433056,0.0270267209602,0.00959156160407,0.0642369916174,0.0223755518403,0.0566410547419,0.0116298119193,0.0233709490627,0.299131362973,0.335704562382,0.0774580529558,0.0334558029235
157,1.51260823292e-05,0.000587091044574,0.00199680136971,0.000137962564066,0.00895953112732,0.000132462468743,0.00607961540124,3.71924291266e-05,0.00096735392669,0.913638049612,0.0640412861005,0.00331223226283,9.52956105537e-05
158,0.00993868976162,0.172073616361,0.00872938104881,0.0506515255387,0.0505214970833,0.0171549758743,0.0123120795194,0.0412473392761,0.0407576858784,0.0210837371955,0.320903176106,0.0793132329634,0.175313063393
159,0.166415471078,0.149617504614,0.00104829222855,0.0297839514693,0.0326673283983,0.00610892344989,0.455535780252,0.00508468050694,0.0120538826001,0.013608953719,0.0566592077351,0.0254857086354,0.0459303153134
160,1.89380689744e-05,5.85209990168e-07,0.0324136619465,3.42371385331e-05,0.00328127711343,5.13257836408e-05,0.000515753234677,0.000428590202661,0.000482717064517,0.661027197299,0.301513334772,0.000228821490343,3.5606761694e-06
161,0.000596101924905,0.000115125835558,0.0344149201826,0.000369112179886,0.0270988082151,0.000610262906372,0.00451194910781,0.000288614239783,0.00391996678816,0.83943119354,0.0828425250031,0.00575414890739,4.72711695077e-05
162,0.00624467108869,1.34633309653e-05,0.153959485212,0.00173183539161,0.0974368346829,0.0134022174357,0.0972873625587,0.0136002504216,0.00310415575274,0.508303830317,0.0733790857365,0.0309675812831,0.000569226788297
163,0.00243421592734,0.0051953897212,0.207795831094,0.00104304876581,0.057929093295,0.00190377026306,0.268982630676,0.000948646656013,0.220366166354,0.113116649852,0.0186431617963,0.0980331853085,0.00360821029056
164,0.0132256865419,0.00142146779843,0.000969196967597,0.0015522298201,0.00865839051906,0.000453868182307,0.0180661139846,0.00184612539169,0.000721279033848,0.0778018823901,0.863171987428,0.0116786302705,0.000433141671819
165,1.5595396024e-05,1.24977196808e-05,0.163104335195,3.88831544564e-05,0.00562238994158,0.00344054670602,0.0151721185501,0.000676410138665,0.00828857995567,0.22354536357,0.307173776064,0.270282305784,0.00262719782433
166,0.146137514968,0.000344606523851,0.0662833213949,0.00594955775421,0.00795895813346,0.0305085584237,0.00744358438594,0.0087464382011,0.0328914428765,0.0276761270259,0.580383812958,0.0831049209953,0.00257115635911
167,0.258517490903,0.0726511461924,0.0452719253684,0.0313960270406,0.106102273846,0.0106269847981,0.100986311103,0.00935038877823,0.298867263995,0.026463131451,0.00361130862023,0.0349900639255,0.0011656839787
168,0.253773530242,0.00754398635719,0.012214878382,0.0351032595846,0.0219966400437,0.0116079764142,0.0343906081104,0.000847608080979,0.0135638976112,0.0514140534189,0.433833401172,0.0814457406812,0.0422644199009
169,0.0270362495799,0.00128430188041,0.00157371461592,0.00229650773233,0.0216889053958,0.0164520302914,0.074305250235,0.000402043246518,0.0112134609944,0.0397710788348,0.704683611893,0.0815242545054,0.0177685907952
170,0.0592259865076,2.36933409639e-05,0.0204744939499,0.00292265615758,0.0246798500599,0.0393658191366,0.232705851766,0.00242584272344,0.0132884012028,0.253077855695,0.193500783913,0.157087532725,0.00122123282239
171,0.00124017211901,1.11024754866e-05,0.0231967299304,0.00049232476522,0.00573474834566,0.00130741286981,0.00769039658952,0.00445895687187,0.000638735672393,0.315910595212,0.637943382702,0.00121430786151,0.000161134584791
172,4.56501655414e-06,2.30770304936e-06,0.00483814734979,1.04777087557e-05,0.00143575950484,8.03143433814e-06,0.000329267499545,2.78220465462e-05,0.000168966115824,0.9250537906,0.0680611740021,5.67598361061e-05,2.93118274742e-06
173,0.179708095534,0.0202272264473,0.0103085131648,0.0780106725642,0.0316741703987,0.00682342847805,0.062751305478,0.0028041901828,0.00965915493477,0.113066309599,0.439413271182,0.0279484799191,0.017605182117
174,0.000673163442999,0.000489124597242,0.00105973847409,0.000551157880085,0.00187947587404,0.940156422095,0.00528991270423,0.0140841568888,0.00292878259355,8.08807873861e-06,0.000377843702774,0.00754903924755,0.0249530944207
175,1.47574675377e-07,2.14666245105e-07,0.0152909777898,4.10162029615e-07,0.000779657319629,1.30856785795e-06,2.39615034268e-05,1.19514139662e-06,4.37736006269e-05,0.424033484623,0.559798388595,2.63145498221e-05,1.6590641023e-07
176,0.00581287624925,0.0283761137872,0.00760526962257,0.00481140811964,0.0292498936823,0.0252894136959,0.154401079735,0.00142762096899,0.0296895454943,0.135806015688,0.19122070168,0.352962850113,0.0333472111644
177,5.65298493634e-06,1.5461014649e-07,0.214670088321,3.96253638922e-05,0.000764573560718,0.0100586408831,6.09224267508e-05,0.000227664049749,0.000367104910573,0.0188311173374,0.753905205783,0.00088786029354,0.000181389475646
178,0.0277012654022,0.00317687278884,0.0117686459295,0.0408734385083,0.0542422874026,0.143129303317,0.117529631252,0.0130805678724,0.0114015697453,0.00368121101929,0.0872655425611,0.0921162934632,0.394033370738
179,3.41625055154e-06,0.000114055624902,0.144662125572,0.000334023261667,0.00241329328177,0.00162134569373,0.0165524173465,2.92896322658e-05,0.0268298688833,0.0811336671363,0.0359280280855,0.676406912961,0.0139715562709
180,0.105928074152,0.0965670407135,0.00727038388157,0.0362886612356,0.040653467849,0.0116182416608,0.231637749829,0.00299881049004,0.0148803544861,0.16331363258,0.117472188723,0.135404207811,0.0359671865876
181,0.190971538012,0.0280579633364,0.0783108698532,0.0323989131859,0.0184641787452,0.0209584635799,0.0171281379132,0.00405226612302,0.457396929661,0.0186189209461,0.116593402256,0.0162420685872,0.000806347800713
182,0.0266763530853,0.0224122668302,0.0452730909849,0.00856958121852,0.0619616850432,0.0114623177985,0.0595817266772,0.0300331395913,0.019619818353,0.314710380448,0.35687377103,0.0378154182953,0.00501045064536
183,0.0391672313147,0.000698790269261,0.00447258629396,0.00412637007341,0.0130536565583,0.00128054940553,0.0384341222045,0.000366008335992,0.00142586751817,0.618589312436,0.267006108616,0.0107944807634,0.000584916210862
