
Id,Blues,Country,Electronic,Folk,International,Jazz,Latin,New_Age,Pop_Rock,Rap,Reggae,RnB,Vocal
1,0.0757634205703,0.0759324813323,0.0792094056719,0.0756544040783,0.0762331989504,0.0758230131577,0.0766697688387,0.0771876010324,0.0747266621275,0.0794565523919,0.0782724661542,0.0779193906095,0.0771516350848
2,0.0770636000925,0.075998714824,0.0785014861173,0.0759559277998,0.0764051902083,0.0756089326654,0.076551688131,0.0772595600055,0.0753287555333,0.0788571402122,0.0779400353739,0.0771103153837,0.0774186536533
3,0.0769672846442,0.0771577906669,0.0777312725424,0.0761754631835,0.0771263963466,0.0758657718062,0.0770573895398,0.0764014124465,0.0771023124232,0.0779730646388,0.0769797384657,0.0773527979043,0.0761093053919
4,0.0761439164604,0.075343920212,0.0777985592962,0.0757673389599,0.0762223056067,0.0761656378898,0.0766511807097,0.0769576625172,0.0748422606124,0.0791115277322,0.0782017563404,0.0778570738385,0.0789368598247
5,0.0762456860866,0.0769315471167,0.0791690976647,0.0747812514309,0.0762793713069,0.0744180877978,0.0766468042868,0.0763763792089,0.0757371454811,0.0817044397938,0.0785645847659,0.0774219072982,0.0757236977617
6,0.0770591588246,0.0772810509529,0.0777613830671,0.076061509373,0.0770090281612,0.075354555244,0.07692423428,0.0763018184473,0.0773604165589,0.0785445602947,0.0772991783816,0.0769773380113,0.0760657684035
7,0.0761167078973,0.0761862798626,0.0766100745412,0.0758132926564,0.0768626615576,0.0765824931361,0.0773435547047,0.0768377175966,0.076260393857,0.0772766511978,0.0774486148169,0.0782962527903,0.0783653053855
8,0.0766984837309,0.0770768315743,0.0774891892054,0.0764355174673,0.076813224998,0.0761135441031,0.0771562979506,0.0767641822591,0.0765224128822,0.0778034996191,0.0773484104588,0.0773598292069,0.0764185765444
9,0.0759460643947,0.0763479596475,0.0777889140146,0.0764569095845,0.0764522462502,0.0766365505575,0.0768853731176,0.0774986385611,0.0756028359944,0.0775598131508,0.0777615388466,0.0779218719746,0.077141283906
10,0.076516206296,0.0768441786903,0.0776773947885,0.0761328602967,0.0764288409547,0.0756563277446,0.0771577523109,0.0769281773833,0.0761940190572,0.0785036831006,0.0780688788055,0.0772305070404,0.0766611735315
11,0.0764119653555,0.0767912509044,0.0781147362539,0.0758487822203,0.0764628968264,0.0754733261896,0.0769959461926,0.0767857761834,0.0760369316779,0.0789715343846,0.0782103588712,0.0776630147908,0.0762334801494
12,0.0757214139735,0.0770517716403,0.077627125483,0.0758219430878,0.076647631058,0.0758841388676,0.0773354387079,0.07659671992,0.0765473209057,0.0780720608301,0.0779063695632,0.0783354241486,0.0764526418145
13,0.0765611430728,0.0766123368428,0.0779485019451,0.0762912167339,0.0765394394432,0.0757954873092,0.0770332852121,0.07671683031,0.0765244293783,0.0781068077315,0.0777022904138,0.0776704773675,0.0764977542398
14,0.0766319041567,0.0770488060968,0.0775463677216,0.0763506939963,0.0765289351729,0.0759037881081,0.0773312771543,0.0766762784054,0.0758596590771,0.0786170268027,0.0776771391327,0.0773712904112,0.0764568337641
15,0.0764901689,0.0774000151712,0.0774800407137,0.076769759593,0.0764895530735,0.0763026159747,0.0770274460736,0.0771707067661,0.0766438335252,0.0773567466254,0.0776181456884,0.0769313769248,0.0763195909705
16,0.0763885597226,0.0766663426898,0.0790290197472,0.076036588942,0.0763627778345,0.0758090133523,0.0766182308786,0.0768344890123,0.075638870787,0.0790540013908,0.0777383336872,0.0775346117101,0.0762891602458
17,0.0762912799018,0.077092049068,0.0784319394629,0.0759335702312,0.0765518547983,0.0754252471374,0.0767922690271,0.0765837804432,0.0768462679546,0.0786716457697,0.0778760578341,0.0774339626047,0.0760700757671
18,0.0753110861029,0.0747308916935,0.0811025516192,0.0749900670912,0.0754892689283,0.0755880718885,0.0763798500252,0.0768625751658,0.0736405561394,0.0801411579266,0.0787120376586,0.0788295049322,0.0782223808287
19,0.0773269445756,0.077143492143,0.0764644525406,0.0770761432898,0.0768898597513,0.0770720869409,0.077198844396,0.076802280236,0.0772589972033,0.0765824853143,0.0768879971667,0.0762338332069,0.0770625832353
20,0.0767954099601,0.0763886975656,0.0777757269707,0.0766693159231,0.0764043494107,0.0762404691338,0.0764962276784,0.0775305262468,0.0757544969004,0.0776743913348,0.077909464743,0.0765332164559,0.0778277076766
21,0.0775772366137,0.0772283376239,0.0771268224542,0.0766735106006,0.0771134968881,0.0766801814162,0.0769678599213,0.0769229244014,0.0765227282164,0.077174375118,0.0768688177192,0.076568597341,0.0765751116859
22,0.076460528981,0.0757243993302,0.0791179267845,0.0756682415299,0.0763123466826,0.0755496888097,0.0765069006394,0.0770008915901,0.0747467384098,0.0796343303824,0.0781373644673,0.0774973308943,0.0776433114988
23,0.0767494611615,0.0769957529375,0.0768907911995,0.0765977301852,0.0768385775899,0.0764043408905,0.0774748319376,0.076409116443,0.0765403821958,0.0777416256349,0.0770003363218,0.077574677438,0.0767823760647
24,0.0765548087992,0.0756861482036,0.077407927353,0.0761614857247,0.0769313893121,0.0770039821839,0.0766485348434,0.0771046458542,0.074810662542,0.078177840454,0.0767993801951,0.0767321200885,0.0799810744462
25,0.0764454885562,0.0764849106786,0.077771701219,0.0759905126927,0.0767012805917,0.0758532088388,0.07696653062,0.0765820171933,0.0762544578407,0.0784771417372,0.0778096642683,0.0778230140476,0.0768400717158
26,0.0777385555467,0.076676351285,0.0774323337566,0.0766356581977,0.077155629134,0.0763355709444,0.0766992220098,0.0769584719754,0.0764144297296,0.0776954605626,0.0769942885547,0.0763545886365,0.076909439667
27,0.0761722358253,0.0767977054964,0.0775031781294,0.0761414788232,0.0768410675898,0.0763842341367,0.0771453812954,0.0768936694067,0.0757664437698,0.0783549619274,0.0776199696469,0.0777432316965,0.0766364422565
28,0.0768131515053,0.0771141921008,0.0770720229406,0.0762555439223,0.0767003704043,0.0757379312037,0.0774690184328,0.0764711131733,0.0766037780011,0.0783095899864,0.0775774098865,0.0773271223679,0.0765487560751
29,0.0765394941697,0.0773704063667,0.0774330021627,0.0763437973386,0.0769229515052,0.075737746785,0.0771493005301,0.0762976118964,0.0778341505357,0.0778184113005,0.0771753019411,0.0774079526836,0.0759698727846
30,0.0766567460461,0.0766958690205,0.0769756034554,0.0769121688175,0.0768896422135,0.0771615723544,0.0768062471533,0.0770682537358,0.076716470542,0.0771836942612,0.0771202130236,0.0770272250278,0.0767862943489
31,0.0753881562283,0.0756899843378,0.081202900511,0.0754156866375,0.07541806121,0.0752407790446,0.0763627992796,0.0767763959893,0.0745146030104,0.0799994736478,0.0785999877996,0.0782110997155,0.0771800725884
32,0.0765941741931,0.0770863725809,0.0780678734624,0.0765594644525,0.0767180604223,0.0760346868245,0.0768916927951,0.0767675163537,0.0768968539931,0.0777873168798,0.0772369316423,0.0772266681248,0.0761323882754
33,0.0772435488705,0.0774560973961,0.0774082544673,0.0766421697474,0.0770102547441,0.0761025571339,0.0772770678935,0.0764994859127,0.0767054983135,0.0777962921393,0.0769053227336,0.0769209847857,0.0760324658623
34,0.0754160621158,0.0760766240353,0.0783721859259,0.0758765293217,0.0764231128204,0.0762912829752,0.0770892403787,0.0763844777155,0.0754763969577,0.0784284378393,0.0782040188568,0.0793462176411,0.0766154134165
35,0.0777691218928,0.0771922467234,0.0772168033921,0.0759716538926,0.0774908373557,0.075850039142,0.0765217826055,0.0764865297999,0.0778369250549,0.0775979167661,0.0770556324927,0.0764307434899,0.0765797673924
36,0.0769993955832,0.0769914405076,0.0770212516395,0.0769764619854,0.0767969418649,0.0767769534999,0.0770511321958,0.0771746470529,0.0762793460212,0.0771070116717,0.0771765243256,0.0770390021478,0.0766098915044
37,0.0759963363221,0.0765551631381,0.0778125219852,0.0756082006837,0.0768046544652,0.0759442984266,0.0773545894583,0.0764678794435,0.0755331328342,0.0792676651438,0.0776784066908,0.077922374693,0.0770547767156
38,0.0764071190169,0.0778115589064,0.0771627454696,0.0769940898033,0.0760320515295,0.07611457153,0.0770044354652,0.0776386105699,0.0769381468937,0.0770030665233,0.0783678148113,0.0765217115421,0.0760040779387
39,0.0759331983034,0.0751514338915,0.0788499138194,0.0770886958976,0.0756370679347,0.0773305981421,0.0761083832941,0.0782948983877,0.0744096348832,0.0773594324278,0.0784905699257,0.0777101324877,0.0776360406051
40,0.076982511199,0.07735143863,0.0773337150982,0.0764270261011,0.0769725870378,0.0759411038195,0.0772604651441,0.0764524316408,0.0771123091453,0.0778476637025,0.0771373963781,0.0769243289024,0.0762570232012
41,0.076231258524,0.0774866172953,0.0764008197035,0.0763274241686,0.0770476722648,0.0766323832919,0.0772565539598,0.0765637301247,0.0784237711272,0.0766455276125,0.0772972174394,0.0769091215803,0.0767779029078
42,0.0757511910951,0.0764105041221,0.0767905138527,0.0768419658183,0.0766928954261,0.0775550760556,0.0773443345555,0.0771486196803,0.0755738235952,0.0770925755301,0.0776923625592,0.0782555588479,0.0768505788619
43,0.0758575840964,0.075775411638,0.0792222299533,0.0760660955803,0.0759932930241,0.075844070574,0.0767272125732,0.0771653203715,0.0748842451312,0.0790393041413,0.0782524963717,0.078044547081,0.0771281894642
44,0.0768570115519,0.077312952553,0.0768158409347,0.0763941702564,0.0771670711827,0.0760795195816,0.077255251922,0.0763819116677,0.0779255772743,0.0773303275292,0.0768983824407,0.0772679327379,0.0763140503678
45,0.0766569145035,0.077409919401,0.076797591195,0.0768047401125,0.0769448862958,0.0765313464286,0.077283019328,0.0765414785764,0.0775660731783,0.0769873929765,0.0770307443087,0.0772320057011,0.0762138879948
46,0.0773877911437,0.0769828660315,0.0764840914022,0.0771514440842,0.0768069837066,0.0766803311624,0.0768330058114,0.0771099324322,0.0768592725409,0.0767002474572,0.0769881807731,0.076541303016,0.0774745504386
47,0.0767983319029,0.0772885238099,0.0772770143153,0.0758414540256,0.0770735629135,0.0757685602298,0.0774165963716,0.0763213272978,0.0764604176171,0.0789587755789,0.0774016361849,0.0770365759649,0.0763572237878
48,0.076781596287,0.0777968080175,0.0775864234642,0.0755317601155,0.0767356664892,0.0748765322551,0.0774178467685,0.076149208518,0.0761972722727,0.0804044296598,0.0779492753204,0.0769324406595,0.0756407401727
49,0.0766843484328,0.0773297988151,0.0764797584156,0.0764279657508,0.0772037503098,0.0764786437151,0.0774083463229,0.0763721205734,0.077792546644,0.0771056612741,0.0768885598047,0.0773438154412,0.0764846845006
50,0.075984752179,0.0759217560093,0.0774920855014,0.0752959695949,0.0766427616934,0.0757781952419,0.0772702433029,0.0758306689732,0.0751720622824,0.0803089484751,0.077564438154,0.0782015874965,0.0785365310959
51,0.0769680351093,0.0768271380319,0.0783067182371,0.0764144405886,0.0767026424062,0.0757487415209,0.0769204626627,0.076629921124,0.0765280965715,0.078268489231,0.0773042062113,0.0771289790102,0.0762521292953
52,0.0764758892127,0.0774108413833,0.0768793671618,0.0763154004036,0.077048629638,0.0762313217604,0.0775108758426,0.0764749501117,0.0772385368221,0.0774733603106,0.0771761048828,0.0776046601553,0.0761600623151
53,0.0767485499839,0.0772663234232,0.0776832255481,0.0762667555936,0.0768554490481,0.0760062687321,0.0770666720177,0.0768883085096,0.0759267804584,0.0784978014948,0.0775177847694,0.0769641995865,0.0763118808347
54,0.0761779210236,0.0759636483437,0.0797052820801,0.0763387704137,0.0759508845799,0.0759753866041,0.0764351681741,0.0772274917927,0.0749023708555,0.0791203446052,0.0780191218144,0.0773038988209,0.0768797108922
55,0.0767088370523,0.0764202920131,0.0771324370595,0.0766771629942,0.0768788148892,0.0764986772264,0.0770818736255,0.0768618406074,0.0768491664632,0.0772381240126,0.0772112077824,0.0775767021494,0.0768648641247
56,0.0755263764342,0.0751513207467,0.0790296724237,0.0765683678414,0.0756897884543,0.0769465855187,0.0764280502187,0.0779325438674,0.0743061655977,0.0775355437266,0.078392406487,0.0782107235965,0.078282455087
57,0.0756440545786,0.0763103201419,0.0782927823752,0.0763032759385,0.0762994326002,0.076759772943,0.0767312502001,0.0775420196387,0.0752310781583,0.0775960767529,0.0782029446456,0.0785320023243,0.0765549897028
58,0.0765986639529,0.0773311636882,0.0778283259932,0.0763790054777,0.0767723248283,0.0759730727156,0.077095373987,0.0766364504883,0.0768643842295,0.0778594659826,0.0773097888483,0.0772161086262,0.0761358711823
59,0.0750727283494,0.0759425058605,0.0780667849603,0.0754525407155,0.0762776101567,0.0763423490966,0.0774906415681,0.0765420567711,0.0751286786919,0.0782178597305,0.0782066655667,0.0797041971155,0.0775553814172
60,0.0767327477674,0.0771504941673,0.077675219355,0.0761175005041,0.0769128781585,0.0757297855029,0.0771031791327,0.0762693465227,0.0771087360038,0.0784454366617,0.0773329973646,0.0775116687087,0.0759100101504
61,0.0760785325487,0.0767758485126,0.0780321597304,0.0763193946855,0.0763812240643,0.0760560618178,0.0771985555614,0.0768882184251,0.0758618276059,0.0780056790822,0.0777855232378,0.0780368012803,0.0765801734481
62,0.0768324742771,0.0766477086624,0.0766562351516,0.0771498764819,0.0768804631788,0.0770352034498,0.0771621992533,0.0769321678917,0.0766126902238,0.076911127509,0.0769104987931,0.0771252073604,0.077144147767
63,0.0768380421424,0.0767806817129,0.0779085451069,0.0765080631045,0.0765127366854,0.0761342275479,0.0768943543932,0.0771759714374,0.0759878391775,0.0780439685526,0.0776802040606,0.0769058141191,0.0766295519596
64,0.0761079698616,0.0767031235229,0.0795312505947,0.0758948027218,0.0760718770556,0.0753131884369,0.0767532252568,0.0770081306732,0.0754868500292,0.0792001037372,0.0781591929914,0.0776484903797,0.0761217947389
65,0.0762037532441,0.0768624996645,0.0784769340706,0.0760461655448,0.0764405163509,0.0758345929545,0.076886000628,0.0768142053646,0.0760641556791,0.0785519415409,0.0779800555394,0.0776759051945,0.0761632742242
66,0.0764862427041,0.0761158925121,0.0792154639485,0.075982026856,0.0759717410184,0.0753449797547,0.076775920451,0.0768484546376,0.075319421988,0.0796035716491,0.0783979322737,0.0776158684582,0.0763224837487
67,0.0765518115805,0.0766477100496,0.0793542190723,0.0757735146953,0.0763921916677,0.0754449862494,0.0765716611053,0.0769556883317,0.0751123719916,0.0803078851125,0.0776114423977,0.0769473975714,0.076329120175
68,0.0759605720959,0.0767608244438,0.0774451972258,0.0762333442074,0.0766418496045,0.0764302855304,0.0773133094857,0.0767747819602,0.0763235634912,0.0778727657924,0.0775453859643,0.0777298973837,0.0769682228148
69,0.0770087582295,0.0769265051969,0.0782299383655,0.0761322434332,0.0767910759282,0.0754546830916,0.0769174876639,0.0763642932152,0.0764534702252,0.0787958849587,0.0773735485459,0.0774203387262,0.07613177242
70,0.0755940702313,0.0765851427596,0.0777237916517,0.0759380427096,0.0765909747595,0.0762999992494,0.0772158107374,0.0767853621759,0.076004305168,0.0780047281639,0.0781123037764,0.0786195942967,0.0765258743205
71,0.0763085702307,0.0768064333637,0.0769301916101,0.0768997060214,0.0768152688893,0.076922923961,0.0772435986624,0.0770465531087,0.0763582458018,0.0770417946605,0.0772616815072,0.0774308548177,0.0769341773656
72,0.0764396699459,0.0775923113812,0.0766284622012,0.0764536447464,0.0768435611106,0.0757560603417,0.0774824980886,0.0761892943847,0.0781709357553,0.0774821886718,0.0772854480436,0.0773065569728,0.0763693683563
73,0.0771125868169,0.0772230342428,0.0770750967642,0.0767558761663,0.0767686328801,0.0761618808755,0.0772308762958,0.0766516687949,0.0769052666889,0.077576304804,0.0772478712156,0.0768427992906,0.0764481051645
74,0.0765910160663,0.0767623479697,0.0780281128536,0.0764583096946,0.0767278506421,0.0760280361736,0.0768907361073,0.0767119364355,0.0766702207667,0.0779194684607,0.0773264297146,0.0774313784022,0.0764541567131
75,0.0768195300716,0.0769197707716,0.0766623751074,0.0770415052143,0.0770506542086,0.0770761996003,0.0771487357618,0.0768252367528,0.0771488674709,0.0768017430445,0.076767825648,0.0768732475141,0.0768643088339
76,0.077307929375,0.0766326919905,0.0770984746585,0.0760866720539,0.0772334641285,0.0760724199784,0.0768210911272,0.0766502339883,0.0764985133356,0.07812328162,0.0772033986096,0.0771177001505,0.0771541289843
77,0.0771472762849,0.0770288459594,0.0777541770811,0.0762781603813,0.076843710726,0.07587646943,0.0769616622989,0.0767306229338,0.0764351409777,0.0783477344567,0.077427184294,0.0767493520261,0.0764196631502
78,0.0775717724269,0.076926341772,0.0776081553441,0.0763352702714,0.0768603315056,0.0756855703531,0.076874168633,0.07661764806,0.0762583240438,0.0786522334985,0.0773387470031,0.0766272780341,0.0766441590543
79,0.0770132599024,0.0771879404739,0.0767508121194,0.0764187177191,0.0773873545863,0.076099176132,0.0771217529876,0.0762523801634,0.0787223001063,0.0769987702678,0.0766424796793,0.0769184391515,0.0764866167109
80,0.076450628385,0.0769017445443,0.0779866141333,0.0764722902766,0.0764565262787,0.0760116057594,0.0771666587135,0.0768455441642,0.0760778586611,0.0782049741698,0.0777708407753,0.0774953966309,0.076159317508
81,0.076930386163,0.0770121761886,0.0773485089111,0.0759380444972,0.0769544849422,0.0760101297377,0.0769642326124,0.0766562820764,0.0765699808848,0.0783999810503,0.0775230143254,0.0769352855247,0.0767574930862
82,0.0763966471841,0.0766989891757,0.078582444209,0.0757257900847,0.0763895476752,0.0754034554285,0.076759900466,0.0767011174226,0.0758812063932,0.0793930560749,0.0781212035021,0.0774730276557,0.0764736147283
83,0.0758824858869,0.0770236965871,0.0779429232752,0.0760558463859,0.0765452034626,0.0760271552647,0.0771174026331,0.076896775551,0.0760811570269,0.0781255144475,0.0779883930455,0.0780108181564,0.0763026282771
84,0.0766135174148,0.0770168091784,0.0777733509475,0.0762474989964,0.0768679481699,0.0760580770535,0.0770585616509,0.076519475624,0.0766467030754,0.0782241456427,0.0773296964207,0.0774046457336,0.0762395700922
85,0.0768582187924,0.0771214756398,0.0779250850057,0.0759880789978,0.0766146196778,0.0753310039558,0.0769538228151,0.0765127035117,0.076628019417,0.0787957882439,0.0777853111534,0.0772261183028,0.0762597544869
86,0.0732093375393,0.0719941453878,0.0745802424082,0.0739836352896,0.0749480427605,0.0835672280059,0.0734215624112,0.0753958965353,0.0716030493314,0.0765051419487,0.0760944727296,0.0739975435703,0.100699702082
87,0.0769778129573,0.0773345607251,0.0772293326549,0.0771720782172,0.0768198770823,0.0766618661174,0.0770646698917,0.0767839037702,0.0768388277149,0.0770791092485,0.0769467075232,0.0768295082874,0.0762617458098
88,0.0771331761289,0.0770751035995,0.0775608740991,0.0763109008773,0.0769410105403,0.0758082461651,0.0771096294187,0.0764560746537,0.076879302791,0.078131792823,0.0771255134147,0.0770550872343,0.0764132882543
89,0.0767945152048,0.076841642433,0.0770099208377,0.0763987652485,0.0769224020979,0.0765442406671,0.0770543261575,0.0767995030474,0.0768125753178,0.0774285624542,0.0772396796012,0.0773703281961,0.0767835387368
90,0.0773629321185,0.0768467591356,0.0776906081523,0.0767493029395,0.0770326154388,0.0766590976848,0.0768186046011,0.0768391171279,0.0761293094538,0.0772062076106,0.0766965463369,0.0773029220134,0.0766659773869
91,0.076898506116,0.0765219798927,0.0772693180631,0.0765622789522,0.0765591195511,0.0763705196669,0.0771147588796,0.0769648664632,0.0761524099715,0.0776833544423,0.0775482339045,0.0774376053265,0.0769170487704
92,0.0761254063961,0.076988285368,0.0768750567498,0.0753835855322,0.0772203062642,0.0758682983952,0.0775344179346,0.0761749008308,0.0769603140078,0.0780809232622,0.0773775883497,0.07847683652,0.0769340803893
93,0.0770791310884,0.0769655077547,0.0778619842139,0.0760442055836,0.077158392894,0.0755938011019,0.0768425271664,0.0763272526755,0.0772537068397,0.078406236487,0.0772206790262,0.0769987864855,0.0762477886832
94,0.0765812319847,0.0771074030814,0.0776593493549,0.0763176764049,0.0768617573957,0.0760373167637,0.0771760091418,0.0767572131193,0.0767271183176,0.0777314345365,0.0773582775678,0.077492369055,0.0761928432766
95,0.0758318787611,0.0760657832492,0.0780160670849,0.0759186492607,0.0764935271892,0.076514116162,0.0768152825135,0.0772222148717,0.0753030047011,0.0782199643198,0.0780024960104,0.0778073157307,0.0777897001456
96,0.0764900833167,0.0770123785018,0.0776438074856,0.0758510876982,0.076844831749,0.075726263882,0.0773583855778,0.0766237110438,0.0761350304403,0.07850160541,0.0775489866252,0.0777853919202,0.0764784363494
97,0.0770417857988,0.0765835789876,0.0772639003212,0.077047317357,0.076580100402,0.0764107592109,0.0770960219407,0.0767900116529,0.0761517043794,0.0778232728502,0.077236635477,0.0770977925325,0.0768771190897
98,0.0765458150017,0.0772300832715,0.0781311622226,0.0762914800269,0.076491319975,0.0757557318437,0.0769946127174,0.07672330696,0.0764099215702,0.0783641199851,0.0777077688685,0.0772346606159,0.0761200169416
99,0.0764122165823,0.0773999354351,0.0773815967123,0.0766190703397,0.0767126262832,0.0761753348752,0.0773957379524,0.0765693047271,0.0768858142524,0.0776425948253,0.0772447120949,0.077557257534,0.0760037983861
100,0.0767353252157,0.0770683675535,0.0769110521622,0.0763618269662,0.0771198709877,0.0761243788085,0.0772888160686,0.076601546738,0.0770173135419,0.0776165885038,0.077166881801,0.0774730746789,0.076514956974
101,0.0761912131976,0.0769323086576,0.0784688212674,0.0761404875203,0.076270058582,0.0756647934667,0.0769841365695,0.0768639779775,0.0759600381992,0.0787602267277,0.0779286999099,0.0776271218774,0.0762081160474
102,0.0761328521363,0.0763421331026,0.0789509775676,0.076144891171,0.0761480554526,0.076246408915,0.0763815264967,0.0774540622525,0.074871777869,0.0787785002747,0.0783130237401,0.0773849282074,0.0768508628147
103,0.0767078549739,0.0771156215398,0.0771505597148,0.076653989331,0.0769614098132,0.0766246399218,0.077411903949,0.0767630159963,0.075957433609,0.0777826613958,0.0772049650143,0.0773387397615,0.0763272049797
104,0.0773298491446,0.0763085594309,0.0794823318105,0.0750454856248,0.0764986204635,0.0746214916012,0.0764619511597,0.0764208238108,0.0746207179848,0.0828934522061,0.0776250629886,0.0763792188049,0.0763124349696
105,0.0766406812568,0.0770217281998,0.0782779634408,0.076181704773,0.0762524325579,0.0755938038101,0.0767895635071,0.0770931626727,0.0761309092686,0.0786856736552,0.0781336465504,0.0767961412323,0.0764025890753
106,0.0771033970144,0.0773557788073,0.0773921089221,0.0759432847202,0.0772788831838,0.075830114352,0.0772600557985,0.0765883312975,0.0767209350426,0.078094980233,0.0769814137569,0.0773086603073,0.0761420565645
107,0.0760575584389,0.0767745045946,0.0793169720387,0.0759677379563,0.076068665405,0.0753647595193,0.0766879623853,0.0769209275537,0.0758854285134,0.0790455565938,0.078161173905,0.0774808319353,0.0762679211607
108,0.0753626536449,0.0751825823125,0.0786954245114,0.0746187053692,0.0756593036508,0.07559743902,0.0768778262827,0.0764833334622,0.0748145470686,0.0786634766302,0.079453342156,0.0798415096873,0.0787498562042
109,0.0770011159191,0.0764894826326,0.0783081228092,0.0766857790954,0.0766456112504,0.0760673027707,0.076713544835,0.0773379362529,0.0758442745566,0.0779174923725,0.0775595821445,0.0767551101638,0.0766746451974
110,0.0761762846774,0.0763808724576,0.0786386272928,0.0751795883305,0.076545161647,0.0750586226027,0.0764863565252,0.0759887093413,0.0765006284308,0.0799422842227,0.0782013888635,0.0780800842504,0.0768213913583
111,0.077090518158,0.0768876915094,0.0778357796675,0.0768884520292,0.0767691115131,0.0762331242145,0.0766732082635,0.0770248255846,0.0767624926961,0.0773538058367,0.0772999558922,0.0767111989506,0.0764698356845
112,0.0760419667855,0.0771850065916,0.077125120042,0.0765688380599,0.0767867063412,0.0767403543939,0.0774236390564,0.0766344100285,0.0767102756175,0.0771635206085,0.0771686707697,0.0780551024777,0.0763963892275
113,0.0766780031153,0.076974050535,0.0769223134889,0.0778130750714,0.0764113005056,0.0777643452326,0.0765041910364,0.0778992571125,0.0760618564277,0.0761499857796,0.0772553276031,0.07646686022,0.0770994338718
114,0.0760428919928,0.0770208923877,0.0770384929641,0.0768580355384,0.0766376994581,0.0769900585901,0.0772228672397,0.0770864334848,0.0764279415131,0.0768832580672,0.0774143294938,0.0776571200043,0.0767199792659
115,0.0767528928244,0.077039214692,0.0772886566354,0.0758233173135,0.0772059380981,0.0758945078712,0.0774967380542,0.0763926460268,0.0763925797609,0.0783797676281,0.0768661228634,0.077947821138,0.0765197970937
116,0.0767440967168,0.0766857716056,0.0778617809142,0.076135845038,0.0763385532255,0.075556322532,0.0768555956642,0.0768746840883,0.0761334174195,0.0787247368058,0.078045710346,0.0770305433944,0.0770129422497
117,0.0770521932928,0.0775205862898,0.0768663491435,0.0769763161347,0.0765892849531,0.0763689754207,0.0772390146865,0.0767855640186,0.0771505456017,0.0769258201198,0.0772515222593,0.0766495827377,0.0766242453419
118,0.0763092502398,0.0765459993472,0.0769185530927,0.0756661767548,0.0771482430577,0.076288862084,0.0775592631282,0.0765609411816,0.0755629927818,0.0786336151167,0.0774391288056,0.0776797023467,0.0776872720632
119,0.0766716918401,0.0771572451677,0.076221399823,0.0764055399801,0.0771372158391,0.0766882395702,0.0776508659239,0.0764819176613,0.0770986311811,0.0769848597559,0.07673955434,0.0773995331262,0.0773633057915
120,0.0771300213664,0.0766925253413,0.077849962081,0.0761199778443,0.0766483585394,0.0755817159815,0.0770037384519,0.0767913150286,0.0759282368966,0.0789052397264,0.0777489267812,0.0771774739268,0.0764225080346
121,0.0764561098496,0.0765184824051,0.0792300565571,0.0757581748317,0.076298194207,0.0753036630002,0.0766520326789,0.0766523165921,0.0758480702373,0.0793346328181,0.0781472892404,0.0776466543736,0.0761543232089
122,0.076234331202,0.0767121226861,0.0792071735627,0.0762975189052,0.0761998486259,0.0757299154521,0.0765294654405,0.0769533812568,0.0760830362072,0.0782460200965,0.0777625062742,0.0775011094332,0.0765435708575
123,0.0768540845395,0.0769556909001,0.0769722958313,0.0773994621023,0.0767601511493,0.0769217479942,0.0769635728719,0.0771379453798,0.0768459861742,0.0768100387148,0.0770363512626,0.0769232779102,0.0764193951698
124,0.0758421467545,0.0764700185873,0.0776724646688,0.0765019832162,0.0765072426036,0.0766051369525,0.0771360464861,0.0769639410462,0.0762023371752,0.0775944419186,0.0777572610864,0.0780823764746,0.0766646030302
125,0.076832000633,0.0766687493884,0.0783816594291,0.0758221087598,0.0766147444251,0.0755590736427,0.0768321416012,0.0767761381739,0.0756007572504,0.0794679781906,0.0777773397192,0.0772134975697,0.0764538112169
126,0.0774543977513,0.0766773752046,0.0775375213237,0.0767723790753,0.0767280655285,0.0760727250038,0.0770227455875,0.0768058025822,0.0760623917024,0.0781206651788,0.077334924217,0.07658000701,0.076830999835
127,0.0768334636462,0.0772772145129,0.0766492193579,0.0765314905736,0.0770554314926,0.0764215763673,0.0773269036488,0.0765204853726,0.077393157369,0.0773146153155,0.0769995546023,0.0771017643691,0.0765751233721
128,0.0765550094578,0.0768391623641,0.0778153842696,0.0763088933966,0.0767634380201,0.0761259503006,0.0770709147893,0.0766732878943,0.0764212256492,0.078040976995,0.0773817077243,0.0774926422058,0.0765114069332
129,0.0765013208133,0.0771436794026,0.0781143987284,0.0764539093745,0.0766888093734,0.0759509857254,0.0770429816318,0.0766237830246,0.0766543450593,0.0781528420405,0.0773619976645,0.0771720123265,0.0761389348353
130,0.077152018599,0.0768335610505,0.0780400845524,0.0758014809984,0.0770863351416,0.075475210965,0.0767678340923,0.0764296046853,0.0767301214749,0.0788174927905,0.0772914170642,0.0771566588645,0.0764181797214
131,0.0763651957024,0.0765640068189,0.0787268578112,0.076006605484,0.0763049776349,0.0756279394406,0.0767078122282,0.0770317503495,0.075713078065,0.0791055245254,0.0780433423732,0.0773937067648,0.0764092028018
132,0.0761353901284,0.0763915228412,0.0788851375893,0.0761185713107,0.0761015497949,0.0758388808167,0.0767135379219,0.0771040061219,0.0754834961394,0.0785450653047,0.078197341157,0.0778985765424,0.0765869243314
133,0.0771040250553,0.077449038171,0.0763438412318,0.0770121005004,0.0768398090336,0.0767379768117,0.0773311082939,0.0766301634867,0.0775569350443,0.0765791399473,0.0769152681032,0.0766942662756,0.076806328045
134,0.0774872418339,0.076669491095,0.0770422488788,0.0769973288974,0.0772959478325,0.0769333378293,0.0767550535774,0.0770462237556,0.0769584729091,0.0767177576098,0.076309591065,0.0767484055301,0.077038899186
135,0.0764711593251,0.0772715932068,0.0774166916409,0.0763367879796,0.076732431518,0.0760392617447,0.0773472707363,0.0766945132576,0.0764927117716,0.0778553222947,0.0774269179951,0.0777370734983,0.0761782650313
136,0.0754291662559,0.0754225694962,0.0769736324944,0.0742617761197,0.0765110247164,0.078481181024,0.075261375084,0.0763543656568,0.073677200954,0.0789901335467,0.0798269432251,0.0766821927773,0.0821284386495
137,0.0765810088659,0.0771196205724,0.0767895645769,0.0770219590396,0.0768369117723,0.0769990162502,0.0773390730444,0.0767994850746,0.0765737341234,0.0769433421602,0.0770924007553,0.0773870677373,0.0765168160274
138,0.07740809094,0.0770895150667,0.0768539190142,0.0771562929746,0.0767154991693,0.0766546568049,0.0771353037176,0.0768913333274,0.0764324608345,0.0771685793265,0.0770972762829,0.0764301103534,0.076966962188
139,0.0756341727885,0.0760045580616,0.078150428517,0.0758478579975,0.0768899145523,0.0767865988632,0.0766644971992,0.0769424058864,0.0747470689049,0.0789391091198,0.0779437768652,0.0779602150463,0.077489396198
140,0.0768377186872,0.0768706634045,0.07677074624,0.076911241156,0.0768697993927,0.0767586686436,0.0773250667994,0.0769089168363,0.076512914122,0.0771033911481,0.0770281313012,0.0772410715001,0.0768616707687
141,0.0761073250905,0.0768344782959,0.0776706069962,0.0754852661022,0.0766081812551,0.0754777573838,0.0770648673891,0.0764279081633,0.0766040309001,0.07875692157,0.0780757536645,0.0783373434123,0.076549559777
142,0.0765488164419,0.0766634143717,0.0774322558833,0.0759894340681,0.0768395611475,0.0761104166743,0.076960786326,0.0766919408557,0.0760676868522,0.078071137137,0.0774485126005,0.0773855512721,0.0777904863698
143,0.0763253884626,0.0761969781012,0.0782063168011,0.0762993417089,0.0763425596981,0.0762090441979,0.076731860808,0.0771478052121,0.0757564841488,0.0779799600653,0.0778120993576,0.0777132201912,0.0772789412471
144,0.0769386516284,0.0771742284912,0.0768368837901,0.0765771182205,0.0768029130667,0.0760984900509,0.0773051739885,0.0766770155471,0.076793767307,0.077546350524,0.0773438376082,0.0769918618675,0.07691370791
145,0.0761895671111,0.0770254709212,0.0790321434625,0.0753840999595,0.0766134954975,0.0750888531329,0.0768288414651,0.0762837774647,0.0759430039904,0.0798594585601,0.0779418500414,0.0780449059535,0.07576453244
146,0.0766366054914,0.0762591998973,0.0771154656726,0.0771415642403,0.0766299878427,0.0773021902984,0.0767663726532,0.0778266731565,0.0758401507568,0.0765973655357,0.0770429154517,0.0770828806287,0.0777586283746
147,0.0766726851347,0.0764501457324,0.0778576145207,0.0763299847402,0.0764448995311,0.0759818014565,0.0767983771815,0.0768096363404,0.0762803527446,0.0784189709711,0.0779551534985,0.0775058230736,0.0764945550745
148,0.0767753265726,0.0769741082111,0.0769035008689,0.0766321218248,0.0768582484189,0.0765950734543,0.0770470868835,0.0770899805043,0.0767096869368,0.0771001118087,0.0768979447564,0.0773141621353,0.0771026476244
149,0.0770167815458,0.0761954998877,0.0787893824626,0.0759476088201,0.0763105804829,0.0761760614622,0.0759849027899,0.0776003568267,0.0754691740808,0.0781363943272,0.0779473985457,0.0764756256787,0.0779502330897
150,0.0768750591473,0.0772513195399,0.0781935350761,0.0762070909338,0.0766727765575,0.0757109822476,0.0769589818089,0.076662899418,0.0761333826404,0.0786252778404,0.0775568318962,0.0772145939115,0.0759372689824
151,0.076514357875,0.0773220250911,0.0775244500075,0.0769517691411,0.0766559132529,0.0762071063025,0.0769481334732,0.076763218316,0.0774937709547,0.0772576751203,0.077277563994,0.076896576397,0.0761874400747
152,0.076908266202,0.0773668877759,0.0767010857323,0.0765970638139,0.0767192043579,0.0758443109455,0.0772541590515,0.0765991449703,0.0772638100238,0.0776542929611,0.0776353759965,0.0766720708669,0.0767843273024
153,0.0760868953263,0.0769830563056,0.0773676389824,0.0764084458371,0.0766355117089,0.0762823993731,0.0773014366631,0.0767720875388,0.0763396566199,0.0779490626757,0.0778293632787,0.0777092166074,0.0763352290829
154,0.0767746577289,0.0768675234655,0.0772424512176,0.07690580743,0.0766720948553,0.0766094911178,0.0769410182528,0.0772616045316,0.0765121103379,0.0772675322475,0.0774944907643,0.0767423861593,0.0767088318915
155,0.0774316341077,0.0771016555328,0.0773414300017,0.0771186329451,0.0769171559686,0.0765241731055,0.0770172575147,0.0770309804667,0.0759859088815,0.0775429442747,0.0769858910958,0.07659937877,0.0764029573352
156,0.0768874062269,0.0759176676356,0.0775660151256,0.0768437591824,0.076532230333,0.0765922961211,0.0765280674181,0.0774059109328,0.0757407953933,0.0775296983067,0.0780267369791,0.0773869772886,0.0770424390566
157,0.0761924811262,0.0768678131867,0.0774965350608,0.0763955680375,0.0766070429207,0.0762938040172,0.0772736061045,0.0767908594304,0.0763455467305,0.0778027227592,0.0776249641853,0.0778541673767,0.0764548890643
158,0.0756435941583,0.0761109632591,0.07632422595,0.0757768123711,0.0768028416701,0.0779470988929,0.0768526882264,0.0775222529342,0.0758750198629,0.0762131550568,0.07695559282,0.0781687598136,0.0798069949847
159,0.078298446016,0.0756663823076,0.0771656979388,0.0767416230327,0.0766142135182,0.0766074771278,0.0757431797191,0.0782829369971,0.0746552900543,0.0774483973374,0.0778510773919,0.0760059562098,0.0789193223493
160,0.0765587162277,0.0768760028907,0.0787795169104,0.0760345368392,0.0764255863966,0.0753667072054,0.0768767242879,0.0767180506289,0.0760793645257,0.0789489322656,0.0778108128043,0.0774470476389,0.0760780013788
161,0.0773273062349,0.0761636335289,0.0781062380188,0.0763997392658,0.0769166617185,0.0761604586556,0.0767807698003,0.0766802751821,0.0757208390598,0.0786294192977,0.077279266075,0.0767577087426,0.07707768442
162,0.0769931648092,0.0771127939751,0.0775325721895,0.076716688673,0.076771405304,0.0762095580956,0.0771162223429,0.0767756180148,0.0762864719685,0.077964970548,0.0773102186505,0.0769855514931,0.0762247639359
163,0.0767721386926,0.077341169088,0.076817494817,0.0767143740261,0.0772415305236,0.0762786714526,0.0771556384057,0.0762315792022,0.07840211239,0.0772054751133,0.0767034300704,0.0771249760047,0.0760114102139
164,0.0767831016314,0.0765287366796,0.0777126356575,0.0763484920878,0.0765609551317,0.0761026350079,0.0768772706352,0.0770403019356,0.0760693475638,0.0780546860665,0.0777221478122,0.0773601022601,0.0768395875307
165,0.0755214435884,0.0765762442729,0.0783668941087,0.0757017424088,0.0764144474555,0.0757070314729,0.0772374294136,0.0764763479718,0.0760429014822,0.078488633582,0.0780429981609,0.0789412512176,0.0764826348646
166,0.0773416075459,0.0763107369715,0.0783791295998,0.0760311391088,0.0766666460634,0.0754263615339,0.0763907997372,0.0770353535999,0.0760462141252,0.0788905881676,0.0778683457589,0.0766660436096,0.0769470341782
167,0.0776550439059,0.0763462170887,0.0769878710265,0.076195153186,0.077317510196,0.0772087142066,0.0760179465271,0.0773525998132,0.0758760054181,0.0771754737535,0.0774187722957,0.0759163718228,0.0785323207599
168,0.0773489521224,0.0770171097515,0.0772901994794,0.0765220260153,0.077034497593,0.0762313247014,0.077062170785,0.0765895600333,0.07687747108,0.0777169650175,0.0770473925519,0.0766315599762,0.0766307708931
169,0.0749696170596,0.076350526462,0.0787686126975,0.0751734296604,0.0764755279457,0.0761580696039,0.0768238328918,0.0767724626358,0.0750180467743,0.0796211423031,0.0783199092214,0.0782052131877,0.0773436095568
170,0.0762108203062,0.0767284785471,0.0787784397282,0.0764219621158,0.0760208577927,0.0759548461129,0.0765377462461,0.0777555523159,0.0756406299562,0.0779214657106,0.0783699529442,0.0771424404026,0.0765168078216
171,0.0759795870932,0.0764565538971,0.0791231180093,0.0758399925188,0.0761449790509,0.0756743949216,0.0767238112218,0.0772456790477,0.0753635317678,0.078628136915,0.0783001219255,0.0781936350054,0.0763264586258
172,0.0759081559928,0.0766771251804,0.0789487121543,0.075905366706,0.07630886637,0.0755823756948,0.0770311762491,0.076718201711,0.0754549466689,0.0795327854501,0.0780369839406,0.0775854374934,0.0763098663884
173,0.0768047078537,0.0769606082969,0.0773926466977,0.0763737395862,0.0767077746083,0.0761599714262,0.0767396648584,0.0770271026129,0.0765052699949,0.0778739168141,0.0776901496359,0.0769045676533,0.0768598799615
174,0.0774069137076,0.0772996579455,0.0774002484011,0.0766027879823,0.0772390462325,0.0761113085807,0.077296162079,0.0763015941483,0.0771008243318,0.0776488850113,0.0766189064923,0.0770000409169,0.0759736241708
175,0.0770232011632,0.0759858009658,0.0776323490175,0.0764002311809,0.0761868885196,0.0758449899111,0.0770447180737,0.0766367830549,0.0751349868042,0.079687867209,0.0780777573983,0.0773176454061,0.0770267812955
176,0.0765736177249,0.0771113619785,0.077059363211,0.076531735432,0.0768723462186,0.0763354448219,0.0773927301675,0.0765873308386,0.0769633120655,0.0774598689558,0.0772008553239,0.0775016901515,0.0764103431102
177,0.0766086194504,0.075765928552,0.0812659030437,0.0753440548417,0.0757686913645,0.0748742401862,0.0759604928647,0.0772113855689,0.0741388971521,0.0814729875055,0.0778913540197,0.0772187909869,0.0764786544639
178,0.0768022937077,0.0769413639578,0.0772005397762,0.0772048115756,0.0765928756375,0.0766715261946,0.0770295590872,0.0772083428888,0.0766805445893,0.0769531328012,0.0772115873439,0.0767187442114,0.076784678229
179,0.074906264498,0.0754271863108,0.0773147246201,0.0758402424764,0.0764294830043,0.0773889865421,0.0773046402404,0.0768901870598,0.0748882812394,0.0774115871507,0.0779364389426,0.0793112859394,0.0789506919761
180,0.0778232904697,0.0769779137675,0.0774564788317,0.0764033538224,0.0771220583516,0.0757271696138,0.0770153997322,0.0765408940863,0.0765459776106,0.0782602782675,0.0771276566341,0.0765154395927,0.0764840892198
181,0.0773625936523,0.076985252238,0.0771703785307,0.0767041578522,0.0772328817976,0.0763949603016,0.0770484413902,0.076393135991,0.0776029916298,0.0772450905477,0.0766542273688,0.0768089104211,0.076396978279
182,0.0765452004294,0.0768475103373,0.077495475015,0.076865457103,0.0767229446746,0.0765642196941,0.0768170768401,0.0770254843441,0.0768721261388,0.077328790535,0.0773555941097,0.0771212456159,0.0764388751629
183,0.0763640358259,0.0764940182635,0.0776648086409,0.0763304842537,0.0768355029238,0.0764818655821,0.0769819602465,0.0771052214423,0.0755263471899,0.0781984921618,0.0776071156553,0.0775944825753,0.076815665239
184,0.0768801885323,0.0769327795612,0.0771506804899,0.0767929526922,0.0768507904355,0.0765302427984,0.0771830470371,0.0766907217908,0.0766935700007,0.0775454926176,0.0770774632482,0.077126561512,0.0765455092842
185,0.0758964609982,0.0766181131039,0.0780449585429,0.0761236644554,0.0762284722353,0.0759190863767,0.077084823575,0.0768694356178,0.0759015467907,0.0786179774855,0.078381261502,0.0779254612483,0.0763887380684
186,0.0766121522181,0.0764226378219,0.0785157712687,0.076514016346,0.0766411142932,0.0765178277883,0.0765499261914,0.0771985126001,0.0752229038208,0.0781943506132,0.0772477071246,0.0769832352934,0.0773798446203
187,0.076723209602,0.077088141807,0.0772501999566,0.0760103400923,0.0768524066987,0.0760710669393,0.0773279087171,0.0765891176565,0.0761712754369,0.0784515634569,0.0774894933873,0.0773206206046,0.0766546556446
188,0.0762526920845,0.076869128025,0.077944667478,0.0766035594104,0.0763858975764,0.0761419557061,0.0770383472143,0.0769902276587,0.0763879355104,0.0777929910632,0.0777962096207,0.0772788360166,0.0765175526357
189,0.0761963118149,0.076763310588,0.0777019444732,0.0760251692263,0.0765803091126,0.0760874010435,0.0769800592227,0.0773248931807,0.0758579545399,0.0779836213369,0.0778220877569,0.0774776237261,0.0771993139783
190,0.0763936038765,0.0766710075843,0.0780525237487,0.0762463989568,0.076588211325,0.0760762109415,0.0770655986154,0.0768738174424,0.0755837524825,0.0785301496337,0.0776661479742,0.077659937094,0.0765926403251
