
Id,Blues,Country,Electronic,Folk,International,Jazz,Latin,New_Age,Pop_Rock,Rap,Reggae,RnB,Vocal
1,0.00645615854027,0.00235822401777,0.0280510762309,0.00303413081232,0.00959048792611,0.0280659124169,0.0219378635766,0.00221511470285,0.00269904203202,0.357504363448,0.490349420086,0.0402013868183,0.00753681939227
2,0.0242537893722,0.0271545194037,0.0081928791944,0.0195300810312,0.0313512617564,0.00674455819434,0.0869563417797,0.0018917864499,0.0117961605301,0.213445383469,0.481280193508,0.0477034116518,0.039699633659
3,0.0283520867265,0.0182528010504,0.0615415635771,0.00634234126491,0.0265279872481,0.00331751660476,0.0565520942253,0.00150266608987,0.0812415505947,0.343988964296,0.307985757762,0.0594002762509,0.00499439430923
4,0.0270446697765,0.0390967363043,0.0755918565785,0.0395854393662,0.0296847843032,0.0104108546261,0.0346609301855,0.00459162237204,0.0159525634223,0.0967945639033,0.389846045373,0.153803387922,0.0829365458667
5,0.00878572284761,0.00119602123829,0.0145825604294,0.000645543637941,0.00330312758322,0.000454118026106,0.0110857262877,0.000143961547432,0.00761657917662,0.542470978062,0.401255285553,0.00786897567558,0.000591399935791
6,0.0140046009975,0.00256911527198,0.132063178342,0.00113045243714,0.0106599653623,0.00189766054094,0.0187143747915,0.000868547511229,0.0370277535032,0.374579796349,0.372525316791,0.0330319885268,0.000927249574931
7,0.0199522652057,0.106892618154,0.0126779398289,0.0313224596447,0.0605276799221,0.00462898903683,0.115657206462,0.00292323364197,0.0307027306159,0.124918756288,0.212949571166,0.214595205849,0.0622513441845
8,0.0308734725878,0.0461788616265,0.0327353170678,0.0145513262152,0.0222497362326,0.028925952479,0.0264175365582,0.010735774677,0.013545071046,0.221944117185,0.473193466447,0.0555596426017,0.0230897252758
9,0.00541074026352,0.0159859628724,0.052362307682,0.00488170905055,0.0125684489106,0.0353210453586,0.0302677589163,0.00322355138171,0.00673955255111,0.286705578001,0.416347175539,0.121665570397,0.0085205990767
10,0.00597002225262,0.0152811658075,0.00569307266262,0.00570516453794,0.0262930274829,0.00563583437897,0.127911113533,0.0012427186109,0.00796269843697,0.347819683467,0.355295583138,0.0810486162857,0.0141412994063
11,0.00987360797338,0.00665712200871,0.0205264677301,0.00304235414358,0.0103421039876,0.00297837225838,0.0312347567939,0.0005748499972,0.00744729716925,0.466407395425,0.403286592344,0.0338930464403,0.00373603372908
12,0.0132787239625,0.0332041949198,0.009662364555,0.00644341972766,0.0277250629148,0.00463373870494,0.0849104376141,0.00200299311414,0.022581245472,0.329058616346,0.360919735824,0.095467591486,0.0101118753592
13,0.00482162801328,0.015770036829,0.0312616329549,0.00485266777073,0.0248287559569,0.0103272545142,0.0615621175582,0.00411494031176,0.0158301581988,0.391732136361,0.349933451866,0.0784361923254,0.00652902733962
14,0.00655463648915,0.00428112327806,0.0164325735464,0.00239168871443,0.00986435683641,0.00198585005574,0.0323794038502,0.000618530304365,0.00697100751066,0.502177121799,0.384680090293,0.027673906478,0.00398971084489
15,0.133749634804,0.00881237034151,0.115993717337,0.0154359426333,0.030799935773,0.0178080994997,0.0610524902854,0.00560593230093,0.041705857952,0.172568840074,0.326043740513,0.0572611627325,0.0131622757542
16,0.00392419145893,0.000318697615141,0.628626770888,0.000831052788903,0.00416514065667,0.00168787007131,0.00443491607624,0.00112572588734,0.0209689798439,0.162426783542,0.156723849628,0.0144081527646,0.0003578687791
17,0.00645367931658,0.00854695639227,0.144655075247,0.00267870267603,0.0126717616926,0.011438871629,0.0144109697173,0.00402666515293,0.0237542659051,0.325391652254,0.389440199226,0.0540809627979,0.00245023799304
18,0.00236464460916,0.0018428843116,0.0209360480806,0.00139067738472,0.00435563746382,0.00242878038947,0.0115288460534,0.000335234248748,0.00312806157921,0.404119161723,0.526059722038,0.0189527055023,0.00255759661662
19,0.286809061193,0.117789069075,0.0346652331326,0.14725963071,0.0419326167169,0.0685351975985,0.017442072733,0.0670190799994,0.043023186669,0.00444969101343,0.0145872765283,0.0231109549668,0.133376929664
20,0.109833801521,0.0257316480042,0.0166042023307,0.0379670232146,0.0672134152115,0.0221659565781,0.08924710531,0.0213978557733,0.0230289783809,0.118273562328,0.352904101253,0.0392128993099,0.076419450786
21,0.494237103361,0.0783841010702,0.00416452993681,0.086780972142,0.0415047068432,0.0104733547947,0.028467940245,0.0105933923728,0.0207709888722,0.00900793456433,0.0605962964028,0.0184412889451,0.13657739045
22,0.0181723587514,0.00431987552164,0.0268336533355,0.00679253308616,0.0199852162537,0.00565813251999,0.0323087146585,0.00213756125777,0.00998076075714,0.354550615868,0.470066372355,0.037665895021,0.0115283106146
23,0.00911166150143,0.171965692308,0.00790522773969,0.0387879913937,0.0660670763474,0.00931317831334,0.158936327052,0.00449925905402,0.0189134326641,0.124736643451,0.141125812458,0.167640261299,0.080997436418
24,0.0212033342548,0.0400100999026,0.0119828110803,0.0670309817036,0.0682972315885,0.0104272859147,0.158894866887,0.0050933441201,0.0136982528025,0.168128619698,0.174594000387,0.106902745339,0.153736426322
25,0.00470034497436,0.0193686794225,0.0404273710938,0.00759371858341,0.0260304702441,0.0119808641346,0.0448432665815,0.00569745777305,0.0112929389164,0.304393127542,0.400804544177,0.108868658058,0.013998558499
26,0.208462958318,0.0273295147406,0.047223448949,0.0295851386771,0.0265207043787,0.0440791976638,0.0341942785705,0.0110355966371,0.0220376067286,0.0976707661601,0.372706052053,0.0338016518679,0.0453530852562
27,0.0087000112785,0.0214042169324,0.0205495413962,0.00769597178404,0.0162981237885,0.0160543444385,0.0320735597706,0.00457639512266,0.00636812056647,0.360732137588,0.43130961622,0.0588869803769,0.0153509807373
28,0.0154087002459,0.0301273164887,0.00819224217144,0.010266005903,0.0353950121718,0.0057697235365,0.101761017919,0.00207475069985,0.0122068770389,0.239794437898,0.4001900297,0.111291257904,0.0275226283233
29,0.00637645332292,0.00622760998618,0.106634811334,0.00117850559449,0.0163377676994,0.0129958999961,0.0296825719969,0.0039872006614,0.0447565436287,0.446407992754,0.272409203269,0.0520520409361,0.000953398820793
30,0.0245202321443,0.00381453497075,0.345520255455,0.00337151040227,0.0135383898642,0.047770051161,0.0162045807238,0.00648656128629,0.0267789181563,0.194648781402,0.275924733507,0.0376120979866,0.00380935294136
31,0.00352133633296,0.000558292301753,0.0718617138759,0.000736139108682,0.00332064659048,0.00109346112501,0.00588655620824,0.000443302885695,0.00758477382733,0.41017678395,0.48407277069,0.0100714240211,0.000672799083014
32,0.0114466823976,0.0162836481593,0.135731797121,0.00409122279239,0.0206031326705,0.0322061105874,0.0351775275024,0.00464678757702,0.0372799347715,0.327840176209,0.317767188864,0.0545918898721,0.00233390147618
33,0.129219079047,0.0798016751952,0.015481511524,0.0592335757758,0.0632432859998,0.0092742247054,0.13625837089,0.0050471041244,0.0408821210825,0.148282819591,0.207435945707,0.0582218806152,0.0476184057427
34,0.00237702980018,0.0015643141698,0.285215572035,0.00290762864276,0.0111171395319,0.0225159647537,0.0120156324083,0.00751515573547,0.00723875595624,0.220463810377,0.297218967264,0.124765957696,0.00508407162956
35,0.232509005287,0.129866275257,0.0244406021583,0.0216157221126,0.0270750182474,0.00346943665089,0.021094287136,0.00238762527154,0.177896570252,0.0576300924319,0.258889152273,0.0294821814736,0.0136440314486
36,0.0453775752699,0.0249475996462,0.0208627153762,0.0229410528021,0.0662040775905,0.019812421007,0.194002322784,0.00757461271001,0.0255926229454,0.20247034991,0.237812566347,0.0965632730984,0.0358388105127
37,0.00739830178054,0.0173717544342,0.00849017901247,0.00677321423442,0.0125981752173,0.00114743309051,0.0576229966116,0.000323929122867,0.0102295785529,0.521445682805,0.310697058629,0.0369618773227,0.00893981918637
38,0.411322981507,0.0041401422499,0.0243977109908,0.00732908453266,0.0166759654413,0.0761178269507,0.0613368710701,0.0166612786296,0.0293376103297,0.137982035956,0.191193729798,0.0120684525024,0.0114363100425
39,0.000687379344365,0.000195388708545,0.892221125202,0.00498219143398,0.00533288460702,0.0299475483681,0.00259655146979,0.0198027642461,0.00360724075011,0.0174873164315,0.0107253128383,0.010705359655,0.00170893694506
40,0.0206168814389,0.00567432037491,0.0480598711697,0.00309548157955,0.0149004857261,0.0128034015668,0.0415399534405,0.00157627320037,0.0166565023544,0.365313853625,0.407244314072,0.0576604361354,0.00485822531734
41,0.0856386441243,0.010772425728,0.523426313961,0.0344903249377,0.0300910807873,0.0388706395732,0.00660459934014,0.0677249186136,0.173707102251,0.00234710722536,0.0014846832564,0.0204122405866,0.00442991961549
42,0.00765473653011,0.0161160889746,0.0255468470954,0.0118249022556,0.0463604410158,0.0186845418787,0.132387945285,0.00293533347108,0.00824444716293,0.220674144302,0.219421814167,0.255100726667,0.0350480311946
43,0.00195468056057,0.00128224474219,0.0582105097536,0.00170367642623,0.00961121217089,0.0144671911733,0.0204479448767,0.00149793741974,0.00315890651948,0.356843246196,0.462620707985,0.0639421648205,0.00425957735569
44,0.0887611265342,0.0725076848526,0.0522312476206,0.029646515228,0.0782692780903,0.0262376414206,0.16864503831,0.0067005680142,0.221987435863,0.0533349373706,0.0522323998741,0.136919260799,0.0125268660228
45,0.0932358185453,0.0425954144271,0.258288746903,0.0265304978706,0.0608575465508,0.0250136597255,0.0560767040194,0.0126625316489,0.154089090632,0.10056504761,0.0764001978561,0.0844648823993,0.00921986181215
46,0.0223721603048,0.0744391853477,0.0176238801367,0.0773229400521,0.133644045089,0.011557579228,0.268226093315,0.0135284092382,0.0364676739567,0.052700627779,0.0674902006162,0.135335055716,0.0892921492205
47,0.251117820222,0.0243411502632,0.0377486064885,0.0195351281026,0.0199645296689,0.0201300792962,0.0267516139725,0.00455151104101,0.0213306780461,0.109323526063,0.36967438128,0.0626724785678,0.0328584969885
48,0.0184996004663,0.00623154825533,0.00782894065254,0.00167472926524,0.00738998686853,0.00120888110824,0.0202857794753,0.000322392764395,0.00869265681974,0.473246825653,0.431611509237,0.0205540546893,0.00245309474556
49,0.170789634488,0.242903869157,0.0212229010739,0.087086226322,0.0698738086519,0.0222278223696,0.0847880414006,0.00620899400013,0.0955849407373,0.0304830201864,0.0373104840686,0.0911098160834,0.0404104414608
50,0.00335768003497,0.00612903237133,0.133896054799,0.00830526856164,0.0145098433926,0.00522781668432,0.0170919342906,0.00312808869402,0.00920838104425,0.271481333658,0.420222342435,0.0921256940374,0.0153165299973
51,0.0198914738486,0.00256471070024,0.197215315912,0.00380244552726,0.0146808373682,0.0396799225949,0.0353865693822,0.00252928376585,0.0262283372795,0.243298755383,0.352479738031,0.0591676614467,0.00307494876089
52,0.121747404353,0.0544916043825,0.0286882780346,0.0333211342211,0.0704353492066,0.0981844431731,0.13527827594,0.0175933899359,0.0478968094583,0.108231474952,0.0889435500144,0.148206305798,0.0469819805306
53,0.0293271014528,0.00662011887723,0.0127355909211,0.00456908542939,0.01142250343,0.00930958322784,0.0338844391504,0.00201003739198,0.00733951364971,0.275948837821,0.569576674122,0.0287803442978,0.00847617022854
54,0.00208302195129,8.51867026323e-05,0.760934189389,0.000929203325224,0.00149064942102,0.0391195905112,0.00132715278545,0.00300785586466,0.00219121372271,0.0941539036113,0.0867902100504,0.00741562925498,0.000472193410135
55,0.0121972168598,0.0239713892192,0.0900987873883,0.011165392138,0.0508524050173,0.0395982842617,0.0788321380858,0.010359250129,0.031512276927,0.116768322108,0.258929558084,0.251692247835,0.0240227319468
56,0.0055751232722,0.0129814621134,0.121200833537,0.0187443042478,0.0325916828289,0.0239044160795,0.0494023249462,0.00791600097592,0.00704616203383,0.215378996258,0.322854764928,0.144183850459,0.0382200783206
57,0.0100711990414,0.00170032787477,0.123144770503,0.00251315172282,0.0119348490882,0.0107829232464,0.0340086303533,0.00107717705315,0.0118513421206,0.383947212858,0.338126452572,0.0681468560775,0.00269510748861
58,0.0173543992421,0.0100101256132,0.175102969284,0.00346746948115,0.0121738760092,0.015840365295,0.016916784405,0.00392104831001,0.0384677535073,0.277419462467,0.387230266565,0.0398656249065,0.00222985491512
59,0.00387345670863,0.00462331121176,0.0125485097304,0.00234624207934,0.0106069015662,0.00105855687813,0.0412196148106,0.000419208988394,0.00892788662924,0.569408481929,0.303247832227,0.0379747691312,0.00374522811054
60,0.00602005298773,0.00861358413006,0.0529012084444,0.00120875698897,0.00773439119487,0.00471538503391,0.0174536205008,0.000953719216956,0.0213316802677,0.513467485074,0.333555345228,0.0309845590625,0.00106021187067
61,0.00481352159907,0.00856273551512,0.0540324128948,0.00652951803357,0.0289182517568,0.00659125970583,0.067024205407,0.0024284931366,0.0145846691513,0.332626442602,0.334162740486,0.128235662501,0.0114900872114
62,0.00882555830954,0.152707481267,0.0163780900423,0.0548609866816,0.114048307969,0.0229198364074,0.167886349633,0.0112247518342,0.0285527417612,0.0685756139123,0.0506565413597,0.222814312865,0.0805494279575
63,0.0354823611255,0.00703173656757,0.0581758868094,0.00774571241187,0.00994077084464,0.0183338768364,0.0232625969701,0.0020043369751,0.00879321466592,0.262346536381,0.528650403223,0.0284244908046,0.00980807638445
64,0.00526681981901,0.00198741441973,0.144793208885,0.00202782946161,0.0108187837646,0.00374321035343,0.0215227975052,0.00112482541202,0.0133117007204,0.361424984291,0.382076132094,0.0496052008015,0.00229709247274
65,0.00586570056635,0.00299687818626,0.0863968886994,0.00272188491856,0.00928506266105,0.00262684137362,0.0153204951785,0.00210421242234,0.0136455963958,0.476793579756,0.360012182656,0.0203128755088,0.00191780167738
66,0.00194766091318,0.00221651352754,0.0238355511695,0.00145605844012,0.00826472799202,0.00278372840997,0.0303433846007,0.00045731840148,0.00488730121291,0.497946206324,0.389747667418,0.0337915311741,0.00232235041697
67,0.00577413430662,7.95941825336e-05,0.700653972319,0.000739922138064,0.00130662683888,0.00160976255415,0.00189700794572,0.000296422962856,0.0100948608249,0.113201826295,0.158763763656,0.00539881349795,0.000183292477602
68,0.0265061741099,0.0220382099781,0.0459098079179,0.017375576247,0.0287784243281,0.0133160857145,0.0827861691538,0.00230393536809,0.0253658172129,0.262170492427,0.325654816296,0.126523030266,0.0212714609799
69,0.0117194583345,0.00256061951469,0.040481701504,0.00131637595941,0.00762135362495,0.00301047969836,0.0153319574135,0.000814504985033,0.012383621442,0.313114541905,0.564188435593,0.0257119581482,0.00174499187663
70,0.00232815882257,0.0141128076995,0.0357270676462,0.00264866424718,0.0122367790946,0.0145058340173,0.028832741985,0.003293991838,0.00880536554933,0.492864800185,0.302489748656,0.0780981451013,0.00405589515854
71,0.0183631507622,0.101224621428,0.0167316422817,0.0532162606212,0.137318248324,0.0405114518597,0.202565210078,0.0339810801149,0.0220397928674,0.0667641227176,0.0417319482192,0.195912532943,0.0696399377838
72,0.0177322154357,0.0360313647812,0.0808899748971,0.00831345617328,0.0708616189853,0.0173955470606,0.0987847816925,0.0101121415058,0.0635965405937,0.13858219661,0.13527126702,0.310365478926,0.0120634163189
73,0.0558650435833,0.0161250328283,0.0601167609854,0.0178700839992,0.0367123006377,0.0173024432798,0.0784462470045,0.00405935803496,0.0272815877636,0.255912743831,0.327235535787,0.0753111240336,0.0277617382322
74,0.0103522851381,0.00332321268716,0.548015912427,0.0059361181937,0.0185771174066,0.0190246901279,0.0142354617415,0.0124655951399,0.0349366414094,0.0911506080984,0.168907809698,0.0694585277781,0.0036160201543
75,0.0871816485578,0.25612589106,0.0228060491143,0.201075149495,0.0602152060509,0.0749001724189,0.0279702529815,0.0847317771204,0.0335684443551,0.00409474198659,0.0070232055003,0.0333567154733,0.106950745886
76,0.0796524954552,0.0487767683726,0.0155081314627,0.0178176892278,0.041471832027,0.00570669202069,0.0544556675112,0.00486758411632,0.0386666474494,0.145690322512,0.449547249175,0.069177152224,0.0286617684453
77,0.068927773023,0.0073363311021,0.116077750505,0.00751654320162,0.0187134388949,0.00567222580767,0.0316543287046,0.00120980221653,0.031661094506,0.237905020047,0.419662704732,0.0450174756395,0.00864551162061
78,0.0330916072638,0.0257873262142,0.0109177749406,0.0171348968,0.0326415896588,0.00316418317929,0.0805476440678,0.00252481910314,0.0209618876597,0.24047661122,0.472709637911,0.0354288227935,0.0246131991878
79,0.090717432431,0.0324705783108,0.142487223863,0.0182615401902,0.0443595305257,0.0111133267408,0.0576431579484,0.00433546933745,0.489882892171,0.0384524338918,0.0217005859927,0.0456711435617,0.00290468503534
80,0.00573170960445,0.0113048863774,0.0249316102165,0.00469639158887,0.0191591097637,0.0108299873041,0.0670567363322,0.00152620233018,0.0100557948325,0.440593991244,0.330294126747,0.0664640545975,0.00735539906173
81,0.0822459388068,0.0743164598721,0.0221376752856,0.0257124373145,0.0284276601626,0.00209392724291,0.0547901138073,0.00137522313192,0.049696371619,0.190276336206,0.398107898454,0.0484541481649,0.0223658099327
82,0.0107714041688,0.0123484295589,0.0254089145929,0.00414544911506,0.00877115311029,0.0026989205113,0.0179845308092,0.000798488421859,0.0113329648188,0.372482881325,0.499280284113,0.0290100933312,0.0049664861232
83,0.0682738309757,0.00449703823935,0.0383944877594,0.00603402313622,0.0158140601964,0.0171286362859,0.0425703022029,0.00204566907271,0.0147128922693,0.290535444203,0.442883260844,0.0496889600949,0.00742139472025
84,0.0298875450601,0.0167592052755,0.163367230884,0.00869692985075,0.0218067425797,0.0334366441293,0.030669438992,0.00578640091764,0.0364351729052,0.230582073613,0.328630608764,0.0849904948345,0.00895151219362
85,0.0198466015985,0.00581969553939,0.0219027647669,0.00294959114884,0.0137499176281,0.00253164715685,0.0365614076438,0.00074912394482,0.0178164119918,0.408082621564,0.43676547323,0.0297892096258,0.00343553416185
86,0.0582536218814,0.0201320196461,0.0207590917121,0.122700264515,0.134375939736,0.00970711373584,0.0591051618094,0.0935970430072,0.0163216497961,0.098433163325,0.103942172565,0.0548959033564,0.207776854915
87,0.0547745195903,0.0034221017504,0.591327019702,0.0132650570783,0.0164776619781,0.134590098716,0.015357487786,0.0322061860694,0.0461794448916,0.0366738848483,0.0281133622881,0.0235810084274,0.00403216687395
88,0.0235684457352,0.00717776571261,0.069276266427,0.00433167749793,0.0139325465706,0.00342128106582,0.0364958357597,0.000671741197262,0.0306161812658,0.350142772032,0.413410686974,0.0431085142035,0.003846285558
89,0.123914599329,0.0619039884705,0.124392797417,0.0604149703706,0.0488490420007,0.0174026880152,0.0428024203786,0.013333380027,0.0693105331149,0.0694128001901,0.226889951636,0.0950242843238,0.0463485447263
90,0.0337483332071,0.0604618235155,0.0933243145528,0.0981079015729,0.109320884873,0.050718477847,0.117549897419,0.024961438266,0.0364495960718,0.0577248318453,0.0922774207116,0.123119486889,0.102235593228
91,0.0122955760167,0.0654906049458,0.00993512377182,0.0374179121402,0.0925306758151,0.00407998124307,0.262995681718,0.00458154935324,0.0265275206526,0.101338299859,0.152186136604,0.154661308768,0.0759596291136
92,0.0495655472463,0.147404307118,0.0129649194333,0.0201239543342,0.0258151214471,0.0023290132169,0.0393679504133,0.00110921269615,0.0504812994649,0.206521317587,0.347468788739,0.0763772693226,0.0204712989813
93,0.0283157451053,0.00633513950702,0.105435673991,0.00291735294177,0.0199564017654,0.0038696096212,0.0388450056991,0.00160269940217,0.0778216689091,0.37243116899,0.290317521755,0.0501607623034,0.00199125000968
94,0.02202217213,0.0150532432062,0.0433863178033,0.00501130096232,0.018625876788,0.025619043844,0.03984861808,0.00426564604584,0.0195299271107,0.377016015149,0.382525255359,0.0422974183464,0.0047991651757
95,0.0782609300591,0.0627829565579,0.017274316929,0.0720805406019,0.066423372521,0.00992627935592,0.102608607267,0.0114291705086,0.0309412682676,0.0751062260269,0.211609094787,0.128853764345,0.132703472774
96,0.0731860887819,0.0394836170962,0.00784770205113,0.0195088766326,0.0462226543211,0.00624778045925,0.122695055659,0.00149918611033,0.0206046758699,0.147605484337,0.341150945299,0.127669077994,0.0462788553882
97,0.00518401608804,0.0184691708448,0.0928468509203,0.0128588066214,0.0455015458128,0.0155680813252,0.0970427976006,0.00687343497593,0.0172432010929,0.201770403248,0.255168020351,0.209395416183,0.0220782549357
98,0.0138942299446,0.00539902362004,0.0539491167432,0.00261330943823,0.00607775401966,0.00195461722655,0.0125399008872,0.000503590509,0.0156628400798,0.489530086651,0.382569280683,0.0137892878335,0.00151696236491
99,0.0148923596564,0.0294139966887,0.0895965238997,0.012855974462,0.0361126869723,0.0175432046019,0.0972249615991,0.00225465081344,0.0517136755097,0.343438049411,0.172928908273,0.12513397538,0.00689103273269
100,0.0121204530192,0.0361962353715,0.0180627937953,0.00851002357092,0.0508941865691,0.0179533951471,0.118452142559,0.00336170220373,0.0183140089512,0.293669857538,0.220837265765,0.185577233047,0.0160507024635
101,0.00401938486828,0.00186097999296,0.0632311695161,0.00155400914643,0.00855760369888,0.00379619374942,0.0214630780467,0.000879726053587,0.00869872677358,0.48097017817,0.370660315114,0.0323503336403,0.0019583012298
102,0.0188836254138,0.0157411351952,0.089159583834,0.0224096665482,0.0404224879722,0.00935738794123,0.069482857976,0.00454133208072,0.0169527327984,0.300474145365,0.296115486192,0.0946355409011,0.0218240177818
103,0.0574895796702,0.0403128363734,0.0195540586243,0.0687904433326,0.068021404493,0.129055628014,0.0936175103717,0.0286757791688,0.00768882570547,0.0856273322522,0.0992585659455,0.105479804509,0.19642823154
104,0.004944984325,0.00168862723485,0.0148549686544,0.0015368551216,0.00366735029841,0.000429988168141,0.0193911370274,7.44887416026e-05,0.00534191358854,0.564061321794,0.372742321947,0.00963216501625,0.00163387808289
105,0.022937600179,0.00717578100166,0.0158870786937,0.00397760062981,0.0106458570925,0.00630291663249,0.0409123577642,0.0011558397256,0.0106920022087,0.27654105318,0.571067009203,0.026657398568,0.00604750512158
106,0.0313192943011,0.0603579849547,0.00304872861835,0.0150528865404,0.0418894571398,0.00831510742526,0.1718602914,0.00200027588144,0.0154486502409,0.273200391033,0.272939566678,0.0772018737337,0.0273654920527
107,0.00570205608195,0.00162194950063,0.0884283283666,0.00182648244392,0.00634714502353,0.00581844207012,0.0136074388458,0.00143793221621,0.0110890589682,0.40453196351,0.439000892768,0.0192451560726,0.0013431541321
108,0.00354977933882,0.00835367589715,0.058747583535,0.00489458874856,0.0133890142788,0.00528820444498,0.0211600802574,0.00120770865382,0.00774769865146,0.328964670714,0.444566285409,0.0945476585964,0.00758305147457
109,0.0383999737157,0.0108215010132,0.0453676659534,0.0197223388255,0.0549237356745,0.287803316043,0.0663100394848,0.0783656032076,0.0107851005772,0.105168571721,0.161569769622,0.0669784993434,0.0537838848191
110,0.00494300284722,0.00460606067855,0.102097519238,0.00196135145523,0.00726558924115,0.00272913436878,0.00791876751348,0.00141392198019,0.0204053411413,0.298379381314,0.507822551637,0.0384075356006,0.00204984298418
111,0.0699882931586,0.00374687636778,0.413476735505,0.00830046605203,0.0255590534987,0.0212535514814,0.0415017635132,0.00594535285166,0.111340815083,0.159202803547,0.100317287823,0.037209606546,0.00215739457379
112,0.0326458751804,0.0362700735146,0.169696744781,0.0270447629676,0.0411389861576,0.030978446914,0.09432767301,0.00637101730611,0.108147856423,0.241510908197,0.103895141209,0.101092497794,0.00688001654555
113,0.114263954601,0.0524926755229,0.0559433769396,0.14084872342,0.067470375053,0.200720420148,0.0425193076509,0.186275305367,0.0186549196499,0.0118699550479,0.0125310688741,0.0186560971209,0.0777538206053
114,0.0154480177656,0.0834747870497,0.0862541976277,0.0184850127116,0.0457184133054,0.021447111114,0.0613997378922,0.0157234196649,0.0326796942254,0.262018710288,0.240336484628,0.104980069025,0.0120343447026
115,0.00839183215198,0.0347572012161,0.00592614858019,0.00899336981811,0.0251142629464,0.00199701171592,0.112718174451,0.000732597914717,0.0141511646317,0.375044240639,0.319107743935,0.0777570792031,0.0153091727963
116,0.0289398528113,0.052733277012,0.0149925361345,0.0167625215313,0.0417580918588,0.00701848436091,0.112821619853,0.00204457024442,0.024830322159,0.106204787394,0.320655084365,0.226583721121,0.0446551311544
117,0.144831854402,0.281092891407,0.00540443478689,0.0900801764497,0.0644952879438,0.0264919783627,0.077053978452,0.0196817725488,0.0284542809177,0.0284838582359,0.0587215985942,0.0423031854904,0.132904702408
118,0.0284821213714,0.0767704297847,0.00776333994555,0.0506935778357,0.062749054714,0.00387628370379,0.150152997833,0.00168572717193,0.0142184486944,0.144538866256,0.213888424228,0.131333930149,0.113846798312
119,0.0587811420073,0.163965492063,0.00276522525139,0.08026208042,0.090072129827,0.00392666025967,0.206483331022,0.00268193831884,0.0263704443901,0.0383408638664,0.0544040636613,0.117101836986,0.154844791927
120,0.0043538563109,0.00856525812688,0.0182434689566,0.00594077911619,0.023228914441,0.00611615790483,0.0656772788843,0.00143711093404,0.00592448589928,0.430937611523,0.35357210257,0.0648419273554,0.011161047977
121,0.00555914556059,0.00131494507553,0.0683911682713,0.00111126153524,0.00594910465886,0.0135724198942,0.0106581545109,0.00192168783274,0.00616964635015,0.356298425645,0.505203675388,0.0221591587858,0.00169120649217
122,0.0237875973579,0.0310937914662,0.0969122533166,0.0176551778156,0.0148371435484,0.0257485954432,0.0139528777306,0.0169333371494,0.0253817400011,0.110158231874,0.579602970067,0.0324768140476,0.0114594701826
123,0.0479597726219,0.098852411915,0.0296297468801,0.0301948102988,0.0966324523908,0.0374483536271,0.222516639657,0.0110223488378,0.0614924588985,0.148087055357,0.0980174459057,0.0954890442378,0.0226574593726
124,0.00324853903787,0.0144329931049,0.142997321956,0.0116162128497,0.0510958158708,0.0309426786895,0.105850031152,0.0121885159958,0.043479496547,0.208938238697,0.0897240880243,0.276430201654,0.00905586642077
125,0.0115596829696,0.00541436573259,0.0243573565329,0.00302656604195,0.00707091177845,0.000709012051726,0.0162920748704,0.000399114000598,0.0120418785876,0.457444618881,0.445375896398,0.0135775612208,0.00273096093355
126,0.0292061110301,0.0316175098335,0.0114507803446,0.0119462417014,0.0318444683028,0.00904208849787,0.110769896821,0.00249028203483,0.0160546703735,0.247595832545,0.403944563399,0.0711676803945,0.0228698747225
127,0.0891039088686,0.222994770016,0.0157750480473,0.0514908138938,0.0463669674787,0.00621457662841,0.0840925929857,0.00215121316857,0.0512880246918,0.128477480654,0.191713214344,0.0739808928294,0.0363504963939
128,0.0111939808216,0.0179096319816,0.0391101484005,0.00750369508266,0.0158261759295,0.0129818420271,0.034530492995,0.00317166249687,0.0133230671078,0.338463880032,0.445592039938,0.050703319612,0.00969006357557
129,0.00649145472581,0.0149710402965,0.0690664440467,0.00601723464091,0.0215641708795,0.0170665800674,0.0478407332855,0.00730103486186,0.0293182310572,0.459739592757,0.266544461523,0.0496962823203,0.00438273953878
130,0.0316770438304,0.0013062547001,0.37742785634,0.00140676818388,0.0051200437385,0.00198829605844,0.00587518987501,0.000497372995495,0.0328368767234,0.234775484355,0.284571370528,0.0216612808576,0.000856161814057
131,0.00716849825031,0.00215798928061,0.0637017039899,0.00188349035255,0.00492228152473,0.0110793488936,0.0117804182664,0.00113345552307,0.00502101407356,0.391219179873,0.47596881318,0.0217850103211,0.00217879647133
132,0.00738220086547,0.00382938528518,0.0653409598309,0.0026089819633,0.0128208035571,0.0042227956726,0.0274076782851,0.00170723128703,0.0148368877404,0.340440519254,0.471489515102,0.0442836518853,0.00362938927186
133,0.175625209753,0.383412543881,0.00762337158086,0.0922745613706,0.0560078522173,0.0181625988036,0.0518647495869,0.00872610473005,0.0506196953634,0.0150004028536,0.0205217126333,0.045929335118,0.0742318621083
134,0.219839326014,0.0855309588013,0.0227160623873,0.102871405421,0.0995817579763,0.0793018875256,0.117121472014,0.0443736179272,0.0846999659604,0.0187886765533,0.0215456769838,0.04296985751,0.0606593349262
135,0.013602534956,0.0379519908688,0.0167573175089,0.0166926281662,0.0512928970001,0.00838739696098,0.17212132377,0.00213439584456,0.0268095489981,0.258045562163,0.211287229657,0.159406037311,0.0255111367959
136,0.707805088207,0.00421147607383,0.0108891085447,0.0473932873337,0.0230580402597,0.00765795654463,0.00456786797671,0.0414875992218,0.00692258604896,0.0256479341555,0.0841687952526,0.00457004603205,0.031620214349
137,0.0506261620209,0.165013299645,0.0354936988428,0.0523089472098,0.102352778551,0.0536278203422,0.0958724250161,0.0363840415319,0.0339726879761,0.0912893728336,0.082547319631,0.130422840566,0.0700886058333
138,0.133441430884,0.138918157386,0.0231847897327,0.0794047798739,0.0461341946092,0.0160010880327,0.0655545380376,0.00943964644477,0.0272172765216,0.0994328243039,0.218562922051,0.0454978215828,0.0972105305403
139,0.0373553059793,0.0129683663826,0.0299957004545,0.0209017291333,0.0470887426499,0.0279879015272,0.0647108738836,0.00916414068518,0.0101053040212,0.198671954641,0.347531107509,0.144036320922,0.0494825522111
140,0.0284744688589,0.0684783322243,0.0131121533305,0.0295283132604,0.0877614127429,0.011729096796,0.202227409544,0.00386084974612,0.024755813235,0.083430048709,0.130569133004,0.24383858026,0.0722343882894
141,0.00741586465976,0.127460519928,0.0138001228312,0.0133679561328,0.0345875100131,0.00833025508481,0.087873656851,0.00299685792276,0.0266112318733,0.252792311637,0.28445227741,0.121183596626,0.0191278390296
142,0.111136228984,0.0955117194013,0.0233186987337,0.0396168834562,0.0432044922118,0.00476024059435,0.0445624211684,0.00417876526391,0.0406781810122,0.0983779698102,0.357439142132,0.0832580249982,0.053957232234
143,0.0175080235289,0.0424259562382,0.0325651144232,0.0402865344443,0.0503676087241,0.0243796461523,0.0820476866761,0.0152286346814,0.0167502821323,0.157873069861,0.354967543991,0.0976313117101,0.0679685874371
144,0.027364794638,0.0950370316303,0.00423405588697,0.0237312047461,0.0722280630307,0.0146767225581,0.179790837794,0.00680736535021,0.0165052723034,0.132823319578,0.236691666175,0.127210709366,0.0628989569424
145,0.0049374761507,0.00299850528507,0.0278765570153,0.000726529583928,0.0045197312124,0.00219837529644,0.0121650966552,0.000309553402617,0.00837773088716,0.485284832015,0.425713681482,0.0239053571218,0.000986573892317
146,0.0293631051642,0.0868653884161,0.0151384839467,0.0862623076199,0.0922403614955,0.0728060989543,0.142702602273,0.0417841740887,0.0153862072547,0.0539027128345,0.0882429944547,0.110189432714,0.165116130783
147,0.00400849529247,0.0027811294373,0.0465305676089,0.00102355940294,0.00772693059881,0.0047116794291,0.0167690518187,0.0011006777957,0.0104822268615,0.502202721187,0.375056719347,0.0261372206938,0.00146902052694
148,0.0179720740072,0.094863075579,0.0503749095756,0.0646724140664,0.0840406114094,0.0384954916433,0.135189078328,0.0246665317752,0.037366172428,0.0860694867658,0.136329980698,0.178195762533,0.0517644111907
149,0.679783271026,0.0109132180469,0.0545505010487,0.029465914225,0.0108612524909,0.00263680337377,0.00573816364259,0.00748817004664,0.0925707122035,0.0115369336431,0.0738867843087,0.0069274483438,0.0136408276007
150,0.0398898997796,0.00422062809501,0.0429406871077,0.00415949808132,0.00844520894045,0.00341775189188,0.0138188944461,0.00138301523884,0.0149220573255,0.335665938668,0.514957607364,0.012796788394,0.00338202466796
151,0.0188661526655,0.0124871573228,0.153876720993,0.00648784709688,0.0355105576592,0.0343667171145,0.0552464666242,0.0127868102072,0.0575080762906,0.364776194975,0.197735287626,0.0473696468639,0.00298236456204
152,0.0609871574355,0.078646384988,0.00511364406908,0.0295207452529,0.0917767848811,0.013915467768,0.289732400039,0.00556340485604,0.0249469995933,0.0861188712774,0.103314117926,0.149977605611,0.0603864163028
153,0.00535004070928,0.0172702816116,0.0227661177861,0.00348850962201,0.0155969579808,0.0139094055572,0.0504958288027,0.00290816214937,0.0104351395074,0.424611365432,0.348280355141,0.0795937770595,0.00529405864201
154,0.0851008078672,0.0420516332351,0.0305639017421,0.0303837959191,0.0486413628148,0.0323737662982,0.0822810579508,0.0128220874817,0.0231147075178,0.171462954074,0.327440617758,0.066758707618,0.0470045997231
155,0.120803809791,0.0141774225577,0.0364831355358,0.0235558489394,0.0629746832412,0.222428545658,0.12181365739,0.0260608051415,0.0114449084048,0.0943292587806,0.101772010363,0.0932101354507,0.0709457787458
156,0.010681940995,0.0132202048939,0.0720420822768,0.0140073305088,0.0682647682558,0.0974114725005,0.0555884710548,0.0554610945815,0.0101443327103,0.170642192729,0.228618698858,0.160469863316,0.04344754732
157,0.0126638096512,0.0230748928822,0.039655587788,0.00660559433211,0.0254379109764,0.006205825438,0.0737651406296,0.00184248943386,0.0288733099481,0.400589113761,0.282193219868,0.0923328184532,0.00676028683848
158,0.0318455873551,0.320244200371,0.0088805820296,0.115723122155,0.0781223317246,0.00818235632933,0.0482374281689,0.0173134533756,0.0318588743343,0.0113381187157,0.0364921376477,0.113538211805,0.178223595989
159,0.156210169356,0.0246814860755,0.0244386413553,0.091340402491,0.0879998627849,0.0088626881048,0.0944970613539,0.0129028765988,0.017855840475,0.0719084027699,0.247178778418,0.0320298562517,0.130093933965
160,0.00553896283515,0.000945247059803,0.0702757947149,0.000517568952996,0.00685710905865,0.00400512388247,0.0140025799874,0.00121456535737,0.0122281140665,0.506403040747,0.356645588622,0.0207727970198,0.000593507695466
161,0.0175025720811,0.0107595305674,0.0692923602077,0.00818621845749,0.0220304350719,0.00734445428633,0.0526876350373,0.0021472885231,0.0263257278216,0.367409127572,0.344851700854,0.0615906044118,0.00987234510849
162,0.0489686610659,0.00868685897784,0.155913293665,0.0297531178955,0.036262587397,0.0263132488877,0.0969673058435,0.00467363383119,0.0349876778512,0.28231016985,0.183482905277,0.0765581062481,0.0151224332102
163,0.0263016271164,0.0203237111839,0.146837859391,0.00709766010069,0.0616453785361,0.0426139125268,0.118174939101,0.00761709022881,0.134250119009,0.227366212075,0.0943140559503,0.109457343464,0.00400009131645
164,0.0330940740244,0.0220622097773,0.0120699001433,0.00885448691016,0.0178684785007,0.00932267730551,0.0462284232638,0.00212328024327,0.0112100024004,0.228318530315,0.551248437293,0.0411635976772,0.0164359021458
165,0.00283988156569,0.00262640048162,0.0909301334203,0.00134623814717,0.0109580126358,0.00801112481637,0.0200580922259,0.00196390543281,0.0145015378609,0.391107867769,0.354997665126,0.0987266999339,0.00193244058421
166,0.0386431505255,0.0125337509784,0.0616009654017,0.0137262504956,0.0245275008014,0.0111620723115,0.0331687868821,0.00669291765208,0.0215344336019,0.208458137181,0.511325567947,0.0426474203666,0.0139790458551
167,0.119357018958,0.0547750792677,0.0211327106088,0.106489443593,0.121867321833,0.039504729502,0.0969485906535,0.0534218537005,0.0555304792471,0.0588282512412,0.0472765575582,0.0586702954134,0.166197668424
168,0.190733837277,0.054530715166,0.0870390397516,0.0667548293741,0.0424176778438,0.0242079812197,0.0451441108795,0.0108519550602,0.0549792917752,0.0649873880914,0.22439814556,0.0676614870847,0.0662935409168
169,0.0202504166981,0.00891472924045,0.0129630432729,0.00798881937734,0.0258075799966,0.0356181317833,0.0551505358778,0.00495392896573,0.00733145709917,0.243777579037,0.438384576777,0.114786411139,0.0240727907355
170,0.0452304322436,0.000621160299778,0.121584578915,0.00288092569549,0.0135517076272,0.0219027071729,0.0409193786042,0.00149649291838,0.0136755590464,0.261323859926,0.44209509713,0.0312042935727,0.0035138068487
171,0.00367875474261,0.00186194718498,0.0400244487089,0.00225828709108,0.0073151034601,0.0113755425597,0.0204291076725,0.00137916012809,0.00479639474142,0.45700681113,0.419581489284,0.0277176814673,0.00257527182942
172,0.00315594531905,0.000498957627031,0.0428948425027,0.000450187246581,0.00352620580924,0.00193667165697,0.0104576244019,0.000278890695924,0.00423419750697,0.569406250366,0.349508311527,0.0130965827428,0.000555332598023
173,0.0482758032578,0.0259233693351,0.0334979831154,0.0238471756822,0.0298528018389,0.00455287648904,0.047510874873,0.00333583320156,0.0268393849054,0.205060382516,0.491200857181,0.0374044333469,0.0226982242581
174,0.0222023625805,0.00700606471073,0.316382173549,0.0126548675706,0.0349638542138,0.303488462633,0.0409113337391,0.0673842420497,0.0638306155143,0.0247285693841,0.0156063171249,0.084924484084,0.00591665284603
175,0.00150373761203,0.00141732702142,0.0360933437832,0.00131388337556,0.0066139945732,0.00111411254101,0.021485180094,0.000354844579477,0.00506969578609,0.555645508837,0.339843813102,0.0270095846535,0.00253497404119
176,0.0364493194166,0.0560334769761,0.0454401825694,0.0197418180839,0.0557193286879,0.0198106828394,0.137709414473,0.00349286160022,0.0559580081347,0.188021403462,0.168101334431,0.193827353593,0.0196948157326
177,0.0051625565788,8.7724388873e-05,0.330156405244,0.000406508027593,0.00136813436035,0.00101314541971,0.00182232823156,0.00018199081963,0.00465140205359,0.217114698102,0.431313261562,0.00637122097482,0.00035062423751
178,0.0461567139182,0.0315626188019,0.0526534062305,0.0646979370308,0.100909413472,0.129175436759,0.143337745275,0.0965826596289,0.0254310263349,0.0507059240029,0.0677643219705,0.0818696387585,0.109153157817
179,0.0015385850999,0.0114076173013,0.0792089196734,0.0168427702572,0.0436074695986,0.0129220908685,0.0726452526712,0.00725891886284,0.00763336510824,0.130607102643,0.145460540834,0.423694198415,0.0471731686666
180,0.0495473616891,0.0204781560329,0.0266607560035,0.0214934463054,0.0433254448314,0.0245332605114,0.067104162015,0.00896249128442,0.015740686429,0.226652805655,0.393561057978,0.0597103422409,0.0422300290239
181,0.13375945987,0.141975286218,0.13718570424,0.060472898651,0.0462951262666,0.0407977971357,0.0315528330807,0.0295429057096,0.300187619619,0.0198850218234,0.0219918418576,0.0257807550599,0.0105727504682
182,0.0230633142757,0.0158692101994,0.108925005883,0.0107454415902,0.0349762174023,0.0299969290375,0.0562130802143,0.00840306990731,0.0338470301072,0.330224621471,0.28384022911,0.056318392118,0.00757745868484
183,0.0466571627233,0.00865226893501,0.0336101429271,0.00882414196684,0.0218777397749,0.0138296490907,0.051432220909,0.00151134971266,0.0102648579265,0.26876815946,0.421358104739,0.0945552423879,0.0186589594479
184,0.0261794905834,0.0202682761975,0.181552946694,0.0193460713868,0.0254981416331,0.017335305066,0.0399612805912,0.0041450803662,0.0361629831846,0.186071090214,0.340096189156,0.0883571582424,0.0150259866855
185,0.00419906486626,0.00514466163438,0.0871505644077,0.00253567280689,0.0155334565064,0.0188514861785,0.0330424109127,0.00189289405242,0.0100586859177,0.293180789476,0.357739533426,0.165279781016,0.0053909987999
186,0.0635933673972,0.0184260272662,0.0344696260665,0.0231114955566,0.0153317686351,0.0342851310701,0.0282039348904,0.00684157648549,0.0111077333091,0.247523384146,0.467878317958,0.0264378789568,0.022789758263
187,0.0199395803139,0.0390878001261,0.00870127553497,0.0137926029351,0.0142868826991,0.00191908632719,0.0347528014871,0.000735088740852,0.0104841944016,0.335938821208,0.478032545075,0.0242244732495,0.0181048479018
188,0.0164076305042,0.0134182972566,0.111195845831,0.00708949940071,0.0297673526735,0.0275047251769,0.0558479168154,0.00715750777138,0.0281201114951,0.235038001451,0.356862058459,0.102531062959,0.00905999020563
189,0.0377573003445,0.0346822810711,0.00328207972583,0.0143686125151,0.0391536043499,0.00895954591898,0.152927139157,0.00242766020985,0.0102462676505,0.228731431975,0.354881211445,0.0765524741702,0.0360303914673
