
Id,Blues,Country,Electronic,Folk,International,Jazz,Latin,New_Age,Pop_Rock,Rap,Reggae,RnB,Vocal
1,0.0766216953829,0.0746035231427,0.0780592734329,0.0754736945027,0.0740043313801,0.0767456098207,0.07540342291,0.0753811490969,0.0744608454147,0.0808007112743,0.0845001144028,0.0778917658278,0.0760538634113
2,0.0765061918393,0.0756374453315,0.076602522069,0.0771088478315,0.0748186737208,0.0763385554285,0.0765048945186,0.0750162982542,0.0748708026966,0.0792214667047,0.0819245668451,0.0780272578196,0.0774224769406
3,0.0766889867433,0.075794703529,0.0772663243696,0.076566823016,0.0755916199433,0.0762666235483,0.076985329314,0.0753226352309,0.0757072887493,0.0791293747799,0.0803386353332,0.0777847209539,0.0765569344894
4,0.0764085486573,0.0759331208801,0.0781184201234,0.076766529509,0.0750171297161,0.0758752840554,0.076434018599,0.0755379527283,0.0750227526183,0.0787359718451,0.0814255078954,0.0776475240566,0.0770772393159
5,0.0764818350568,0.0731261545309,0.0803993911374,0.0741107306644,0.0732855181109,0.0766166843162,0.074292729173,0.0753493658732,0.0736797151324,0.0838011395764,0.0876323929291,0.0760858089195,0.0751385345798
6,0.0763694335994,0.0754493325204,0.0784475983714,0.0759366350905,0.0750464151214,0.0756899805564,0.0766892168761,0.0756016937479,0.0755001317997,0.0798805811432,0.0817399062921,0.0775599356707,0.0760891392108
7,0.0761368888578,0.0764708454671,0.0763112639286,0.0776281230941,0.0758524657482,0.0762839563584,0.0768515137093,0.0754964571258,0.0753975577547,0.0776402734695,0.0792142808846,0.0787605055879,0.0779558680141
8,0.0769848293955,0.0757438229248,0.0773819824364,0.0762322376306,0.0752286443421,0.076836448597,0.0762084487439,0.0757970970099,0.0752626601797,0.0793663177947,0.0808205309958,0.0778425410137,0.076294438936
9,0.0769772051026,0.0750649695216,0.0778868688509,0.0756579379391,0.0742464492414,0.0772543000499,0.0757714312729,0.0756060655821,0.0748433853323,0.0800762475549,0.0828851215193,0.0778990391247,0.0758309789083
10,0.0767647825625,0.0758769862471,0.0766243492422,0.0766330635919,0.0752731326323,0.0767252511922,0.0765426094479,0.0754118665621,0.0753320008297,0.0790890516195,0.0807257824451,0.0782531831256,0.0767479405019
11,0.0764232666527,0.0748452105791,0.0782000339788,0.0758329183568,0.0743959414512,0.076366754179,0.0759530032114,0.0753822960154,0.0747493719204,0.0807681606305,0.0833505703427,0.0777975507755,0.0759349219064
12,0.0769762911062,0.0752271208665,0.0771681246076,0.0758938622899,0.0745900401562,0.0774350146877,0.0760804508697,0.0755488031457,0.0751105370511,0.080092261546,0.0816465679821,0.0782900690687,0.0759408566225
13,0.0765116255622,0.0755499657629,0.0781662419454,0.0757807485415,0.0749382088892,0.076504915873,0.0762832786094,0.0759987989385,0.0754456998916,0.0796006949148,0.0813671974405,0.0779831165374,0.0758695070937
14,0.0765868727909,0.075424233635,0.076858376627,0.0766656074962,0.0750939012376,0.0765165286945,0.0762840228121,0.0750664141188,0.0749688540586,0.0798431067096,0.0817832891582,0.0780190453316,0.0768897473299
15,0.0772371773404,0.0759833884336,0.0776105505347,0.0766627822983,0.0759489231691,0.0768093887468,0.0768500555093,0.0759204897821,0.075813545656,0.0785061888235,0.0789315564362,0.0771274112958,0.0765985419744
16,0.0765511072623,0.074242030617,0.0812323097266,0.0751007242216,0.0742316897957,0.0758102695066,0.075570053236,0.0757196651598,0.0745048438762,0.0809723149303,0.0843074975326,0.0762287784419,0.0755287156934
17,0.0765370875871,0.0753399006524,0.0783482070716,0.0757653158642,0.0748840807261,0.0763122908672,0.0762698573731,0.0758177831376,0.0752066736441,0.079882625499,0.0818978784686,0.0778614279731,0.0758768711358
18,0.0766394663099,0.0732022954928,0.0797456983534,0.0743107078678,0.0732150567752,0.076564336418,0.0741185012292,0.0756549017784,0.0735295449642,0.0842465310087,0.0862681056085,0.0767858404418,0.0757190137522
19,0.077072895315,0.0773287384106,0.0778185667125,0.0765419439144,0.0769381429263,0.0772334425858,0.0764573813582,0.0781060875517,0.0768580829564,0.0762941955003,0.0763939914728,0.0763542669092,0.0766022643868
20,0.0773757259522,0.0760092751434,0.0771916473213,0.0764045521837,0.0757145417829,0.0769136973245,0.0760620788845,0.0768121229638,0.0756317034828,0.0782561549312,0.0788927954649,0.0771671610392,0.0775685435257
21,0.0770750522815,0.0763729157615,0.0760113836704,0.0780657542826,0.0763328515742,0.0769041015593,0.0770199760236,0.0756354713853,0.0759384292621,0.0774257437057,0.0777739459985,0.0770224530168,0.0784219214786
22,0.0763748960057,0.0752998670403,0.0775285970638,0.0760994004768,0.0748464180713,0.0761154204274,0.0761274547144,0.0753963874833,0.0749719615827,0.0800238719329,0.0824202133217,0.0780650215584,0.0767304903212
23,0.0762181969681,0.0765436511762,0.0763440342221,0.077354266387,0.0759368317508,0.0761716416985,0.0770028021602,0.0755721529485,0.0756628036712,0.0775584722716,0.0792372051134,0.0785850528113,0.0778128888211
24,0.0765997866195,0.0762919617942,0.0764274132259,0.0777393633112,0.0759040933912,0.0764585878176,0.0769640126444,0.0752163669474,0.0754332938245,0.0780456983071,0.0791643228574,0.0777653980717,0.0779897011878
25,0.0764955573711,0.076026868775,0.0775237061131,0.0764466572331,0.0751757829805,0.0763512920186,0.0768561734592,0.0756344427318,0.075585587755,0.0788531010608,0.0806323462495,0.0779221171594,0.0764963670929
26,0.0770241563287,0.0760557101171,0.0774752310709,0.0768548274155,0.0753414957961,0.0762183644794,0.076586959631,0.0756044091753,0.0754031292409,0.0786858509635,0.0807046779113,0.0770688278433,0.076976360027
27,0.077085396542,0.0749131211283,0.077955227544,0.0756734874667,0.0743222185879,0.0772401383903,0.075653293661,0.0756446826833,0.0747063252044,0.0804064799312,0.082874824884,0.0775527023546,0.0759721016223
28,0.0765791729891,0.0761984441029,0.0762695163811,0.0771286489715,0.0756665114686,0.0765784109163,0.0767719449024,0.0753403674458,0.0754672246464,0.0783799432383,0.0799431591403,0.0783414543157,0.0773352014817
29,0.0766155450183,0.0757994310222,0.0779325243822,0.0757684558124,0.0754020242868,0.076691731598,0.0766270812881,0.0760603254959,0.0760190868958,0.0792060750226,0.0802211108005,0.0779056826365,0.0757509257407
30,0.0768632748963,0.0758414624732,0.0798965940618,0.0759877634056,0.0752246432518,0.0764288480174,0.0760605731495,0.0766967046479,0.075455611721,0.0785353881766,0.0801525546689,0.0766422397068,0.0762143418233
31,0.0762903335148,0.0733086268214,0.0815097911491,0.0741526663894,0.0734350927242,0.0760341735483,0.0742625647584,0.0758099635059,0.0736768919692,0.0830471278567,0.0874979967814,0.0759715997119,0.0750031712693
32,0.07699006203,0.0757726972978,0.0779167934301,0.0758963436992,0.0753497580021,0.0765837564183,0.0767999916774,0.0757564201534,0.0760708811892,0.0790854840852,0.0807321316179,0.0774550168056,0.0755906635938
33,0.0771235914058,0.0762754861133,0.0764759182357,0.0773314625531,0.0760625441277,0.0766283615517,0.0772023051272,0.0754399099612,0.0759983936976,0.0780964365399,0.0788881693753,0.0773513632648,0.0771260580466
34,0.0765708186046,0.0745957207048,0.0794124202955,0.0749701412184,0.0741305457501,0.0771225656766,0.0752203223144,0.0758766019678,0.07477757365,0.0812647580373,0.0830623081103,0.0777611470012,0.0752350766691
35,0.0772893674391,0.0763523446436,0.0776059931508,0.0761073479435,0.075705111733,0.0759251592718,0.0768931477557,0.0756023393536,0.0763085982892,0.0784523022226,0.0805920213163,0.0770322311558,0.0761340357251
36,0.0765374639571,0.0764386527137,0.0768123818596,0.0772744713084,0.0762791081604,0.076761176904,0.0771472195694,0.0759106218932,0.0762027442714,0.0776488596882,0.0783145899155,0.0774875387227,0.0771851710367
37,0.0769033933721,0.0749039439191,0.0772709223096,0.0762316599494,0.0743808221665,0.0768578687961,0.0757440555027,0.075075902797,0.074475139876,0.080499419279,0.0831495960295,0.0778486316163,0.0766586443867
38,0.0783664223068,0.074797874892,0.0793341144026,0.0750965548863,0.0764205930161,0.0789434888013,0.0748045977431,0.0798208325208,0.0763208776828,0.0782774441021,0.0769897708994,0.0752203851098,0.0756070436369
39,0.0760504037059,0.0753043508771,0.0797640445886,0.0758920162461,0.0754501787832,0.0758345845692,0.075977625231,0.0764511874428,0.0750892619968,0.0791535393424,0.081240591357,0.0773982976597,0.0763939182001
40,0.0771345735708,0.0762998229089,0.0770218932929,0.0766218523167,0.0757662734006,0.0767663682518,0.0768225776771,0.0756349737435,0.0758092873276,0.0784418763902,0.079617587547,0.0775008837328,0.0765620298402
41,0.0769565626858,0.0754278322038,0.081101881424,0.0741049113091,0.0786576390962,0.0775950057451,0.0744162082659,0.0859497768608,0.0807402048056,0.0742338985728,0.0732821124994,0.0732696079214,0.07426435861
42,0.076512137723,0.0763199145408,0.0767379702307,0.0771496805572,0.0755068658585,0.0769067022612,0.0767793029042,0.0755328025227,0.075493806459,0.078215809006,0.0792970349528,0.0785020620404,0.0770459109434
43,0.0768105873991,0.0744284260898,0.0786546469833,0.0753519466968,0.0737812341473,0.0768926428807,0.0753482266681,0.0753969808483,0.0744077394657,0.0807605195284,0.085154949459,0.0772315837516,0.0757805160817
44,0.0763737423123,0.0770781699762,0.0769638343419,0.0772965884099,0.0769585171374,0.0766748363572,0.0776372031249,0.0765228967257,0.0777136321334,0.0764916036033,0.0765917168755,0.0772859918806,0.0764112671218
45,0.07741978596,0.0770418651751,0.0774821087455,0.0765670369746,0.0773611268117,0.077216982158,0.0773545108328,0.0769315633487,0.0778782534844,0.0768390734014,0.0758462478787,0.0761605380229,0.0759009072064
46,0.0763525628372,0.0770256682259,0.076321206731,0.0777362342751,0.077337814871,0.0767651357754,0.0773827569342,0.0764631712338,0.0772716905759,0.0763465367429,0.0764289591983,0.07697664938,0.0775916132193
47,0.0774449483834,0.07553616658,0.0783586511897,0.0761885651073,0.0747944663963,0.0768797026129,0.0759547509805,0.0760751819809,0.0749515215389,0.0790745049031,0.0816965336333,0.0768106128415,0.0762343938522
48,0.0775506087022,0.0753787005476,0.0764130722897,0.076103793432,0.0750373506721,0.0771824991943,0.0758836633252,0.0752194989677,0.0750280242996,0.0801796250678,0.08161646871,0.0778483106211,0.0765583841705
49,0.0771656271175,0.0772690235069,0.0766496157253,0.0773256321401,0.0773087786309,0.0769630164419,0.0773536932344,0.0764282976212,0.0774961310868,0.0765886471186,0.0762723689413,0.0765685613348,0.0766106071003
50,0.0761626923052,0.0761785060608,0.077226269233,0.0772794759418,0.0751009763122,0.0758514306774,0.0770026358206,0.0750573824295,0.0752654509057,0.0783387050753,0.0808586384226,0.0781187024127,0.0775591344031
51,0.0769669446321,0.0754509385628,0.0793204210527,0.0756592276377,0.0748499035341,0.0763010632253,0.0763172543945,0.0757999959378,0.0754964743759,0.0792515558866,0.0820969555339,0.0770183034923,0.0754709617345
52,0.0770003702405,0.0763746252533,0.077505098112,0.0765608315551,0.0758666562297,0.0773737095136,0.0767020308824,0.0765105099966,0.0759687926732,0.0779619296106,0.0782729157536,0.0776714158406,0.0762311143388
53,0.0775635292648,0.0744418609468,0.0780311697527,0.0754244346526,0.0739567194062,0.0773717689725,0.0754399685571,0.07526748478,0.0744758369826,0.0805829734152,0.0842501618091,0.0770627543117,0.0761313371487
54,0.0762893128346,0.0741267875599,0.0818620767484,0.0746811464594,0.0741683287246,0.0758769711555,0.0748500132955,0.0762316751742,0.074251171364,0.0807722686556,0.0852702159406,0.0763953267063,0.0752247053815
55,0.0763596263215,0.0767659181723,0.076928779394,0.0770092284052,0.076266648264,0.0765279136618,0.0771392138453,0.0760553993713,0.0762018971367,0.0774001212285,0.0783028613655,0.0779664435992,0.0770759492347
56,0.0766327027071,0.0759252699157,0.0773000148207,0.07647510144,0.0751970173285,0.0766641226355,0.0763853264122,0.0757939439064,0.0752591435339,0.0789979655663,0.0806703058052,0.0782021029802,0.0764969829482
57,0.0767229998463,0.0744274490372,0.0790866225076,0.0751890186656,0.0741233822242,0.0772274323318,0.0753393708263,0.0757660078716,0.0747269744648,0.0810799096403,0.083425592967,0.0775725793394,0.0753126602781
58,0.0773656470639,0.0753329611501,0.0782553608448,0.0755419417622,0.0748413373391,0.0772652242771,0.0761712279443,0.0758022351637,0.075451568137,0.0797123874508,0.0814898747333,0.077372026478,0.0753982076558
59,0.076641036166,0.0746563844947,0.0777767162456,0.075795387814,0.0743153554334,0.0767436028123,0.0754107109958,0.0754096339595,0.0744815331038,0.0812827257088,0.0831544022813,0.0780933419491,0.0762391690357
60,0.0770025036171,0.0749669402403,0.0788038076797,0.075348205281,0.0744850356829,0.0769618349707,0.0760386004946,0.0756589112953,0.0752456827293,0.080290306104,0.0824337747193,0.077374307752,0.0753900894339
61,0.0765647039928,0.075946754865,0.0765261206533,0.0768316138186,0.0756027820662,0.0766953052209,0.0767202510425,0.0753613066629,0.0754492456873,0.078858349445,0.0799662540475,0.078453287709,0.0770240247889
62,0.0765063978576,0.0768134955171,0.0761075662415,0.0776726780514,0.0766242660077,0.0765640798034,0.0772601823382,0.0759199932568,0.0762602784047,0.0768590737353,0.0776712042637,0.0778386966189,0.0779020879038
63,0.0767704935024,0.0758027481332,0.0774138082399,0.0765573252111,0.0752823995012,0.0764583164037,0.0764553857261,0.0755142150164,0.0752535055026,0.0791237148104,0.0810965419515,0.0776325343045,0.0766390116971
64,0.0769146765875,0.0748735592817,0.0782902907619,0.0755503809754,0.074662559449,0.0766867571769,0.076001357436,0.0756193765413,0.0749619719456,0.0806611737454,0.0826342188409,0.0774345841796,0.0757090930787
65,0.0762628563513,0.0742561164473,0.0804544560883,0.0749138133209,0.0742634226326,0.0760149216054,0.0752437461391,0.0761157868415,0.0744823681055,0.0812856183507,0.0844682351163,0.0768923849928,0.0753462740082
66,0.0761229023281,0.0745858031605,0.0782464016118,0.075694440922,0.0742475769758,0.0760395929835,0.0757989987708,0.0751360827265,0.0745519232955,0.0814248380493,0.0840703418944,0.07798892753,0.0760921697519
67,0.0771387904259,0.0728635921859,0.0858359319167,0.0744977544153,0.0727721189099,0.0750727837397,0.0744952759038,0.0749930707575,0.0733350845607,0.0813178355051,0.0885926513194,0.0738820509341,0.0752030594258
68,0.0769159455194,0.0757748004458,0.0778574375439,0.0764539144202,0.0750919047528,0.0768358435079,0.0763426310569,0.0756618373036,0.0752099436962,0.0790122357608,0.0808305183782,0.0777137540765,0.0762992335377
69,0.0766557193276,0.0743004706644,0.078882694169,0.0752581503333,0.0738226439374,0.0767452467814,0.0755100411135,0.0751327716072,0.0745672125812,0.0812618178409,0.0852902305275,0.0770664766028,0.0755065245139
70,0.0769795548434,0.0743589502151,0.0786099369116,0.0747314188929,0.0739819754678,0.0778326312201,0.075167999159,0.0762749704659,0.0748007483253,0.0815984808113,0.0829707076321,0.0776694484286,0.0750231776268
71,0.0768342266435,0.0768415202407,0.0765562709249,0.0770077411273,0.0763498554683,0.0772947390186,0.0769554933733,0.0763857534038,0.0763070780409,0.0772205368567,0.0776417380227,0.0776566773714,0.0769483695079
72,0.0766664975222,0.0768412837626,0.0768953755991,0.0767003088866,0.0765873253804,0.076737273895,0.0772308973932,0.0761995592374,0.076636025225,0.0774587727512,0.0777791198577,0.077596653126,0.0766709073635
73,0.076638081994,0.0764798276222,0.076848578097,0.0769925367585,0.0763496178087,0.0764273267073,0.0770765023679,0.0758199154641,0.076133754787,0.0779388212945,0.0786705454816,0.0776080385884,0.0770164530288
74,0.0767230405393,0.0761279046476,0.078267133424,0.0762167719341,0.0757499006093,0.0762968775108,0.0767683219311,0.0759738462564,0.0758555995195,0.0785943512845,0.0799219128181,0.0773526916716,0.0761516478537
75,0.0771311313012,0.0772948312549,0.0775480958098,0.0766769879029,0.0768975980619,0.0770814195949,0.0767435073912,0.0772052574938,0.0768803713971,0.0766428144081,0.0768943625328,0.0765921172439,0.0764115056078
76,0.0768856629307,0.075955077772,0.0770833774938,0.0771399313261,0.0751417026642,0.0762903382672,0.0767382213471,0.0752842498733,0.0753125653953,0.0787585584044,0.0808580290929,0.0773301590788,0.0772221263543
77,0.0768811241605,0.0758576140853,0.0778537456491,0.0766962140762,0.0755437433172,0.076029192698,0.0769036931175,0.0755942618959,0.0755654584171,0.0789970021691,0.0801516699757,0.0771553497355,0.076770930703
78,0.0763566952627,0.0757733172053,0.0768271129782,0.0773428247968,0.0752513643891,0.0759255236696,0.0768246462182,0.0750637460861,0.0752081047219,0.0789498036389,0.0810988372102,0.0776898343196,0.0776881895032
79,0.0774889058711,0.0772591713745,0.0776845254395,0.0762726899895,0.0782987147263,0.0766077033467,0.0772940614008,0.0775176493526,0.0800210779446,0.0761319226733,0.0748014639292,0.0752459441143,0.0753761698375
80,0.0768573899993,0.0754579119878,0.0773972469469,0.0761846827297,0.0749809538825,0.0768171877587,0.076410083838,0.0754582390855,0.0752900853064,0.0797456457921,0.0811385930565,0.0780525630961,0.0762094165205
81,0.0766392713946,0.0757872441119,0.0777131453992,0.0768667865143,0.0751771085528,0.0759973473757,0.076705871525,0.0752904897157,0.0752152699206,0.0792137426636,0.0813679097056,0.0772543996279,0.0767714134931
82,0.0767606532565,0.0749790135962,0.0785711313039,0.0757070079614,0.0745348082812,0.0762418557378,0.0758731336128,0.0755128964059,0.0747433939864,0.0805560793134,0.0833047033628,0.0773348833048,0.0758804398769
83,0.0768674656432,0.0752093777744,0.0779213217657,0.0758500344877,0.0747655539952,0.0770744415556,0.0758529539922,0.0756651774691,0.0750062147834,0.0799876680386,0.0820380197994,0.0778343226217,0.0759274480738
84,0.0769528090331,0.0758335486301,0.0779328575088,0.0762200768214,0.0751160386591,0.0768402758187,0.076363021613,0.075818024773,0.0753500651575,0.0789192998986,0.0808853829023,0.077641484466,0.0761271147183
85,0.0760676403519,0.0755561082482,0.077727353086,0.0762210438662,0.0751441292416,0.0756818781051,0.0764402581798,0.0755132426465,0.0752504196122,0.0796752105871,0.0819399133314,0.0781031657523,0.0766796369917
86,0.0747048319751,0.0729361182245,0.0783696564126,0.0749909162238,0.0725508542574,0.075746958199,0.0738224239955,0.0745938624144,0.0731738285218,0.0808704964289,0.0908241060945,0.0790671911336,0.078348756119
87,0.0782269407632,0.0764697981839,0.0789830995252,0.0758827443768,0.0766699966959,0.0778415030706,0.0762804937986,0.0781351351053,0.0770540919315,0.0768841855093,0.0765494941311,0.0755684500289,0.0754540668797
88,0.0768321883331,0.0759953433727,0.0774323363983,0.0767885961078,0.0753655785258,0.0762933416914,0.0768705121393,0.0752772675081,0.0755261800174,0.0789228098755,0.0806913365501,0.0774197784776,0.0765847310029
89,0.0765948456693,0.0763926523312,0.0782233294249,0.0768193866088,0.0757038088198,0.0762643346627,0.0768037532587,0.075988432045,0.0758243623975,0.078129865325,0.0795216497979,0.077207709833,0.0765258698263
90,0.0768027460419,0.0765989384129,0.0773205515702,0.0772175393076,0.0765645899038,0.0759622937912,0.0769960518081,0.0762640467338,0.0762541024186,0.0773121921377,0.0777693908986,0.0771935735541,0.0777439834216
91,0.07610875973,0.0764795830965,0.0767230057193,0.0775421765546,0.0762697249382,0.0761904392338,0.0772382935744,0.0758659319487,0.076093893228,0.0774270841802,0.0785324630955,0.077904174657,0.077624470044
92,0.076747153439,0.0751727126347,0.0773261260576,0.0760871193038,0.0744410255128,0.0769077295601,0.0759133187929,0.0753125921299,0.0748398214898,0.0802159094333,0.082205595264,0.0785479246169,0.0762829717653
93,0.0768994356532,0.0756703134071,0.0781931807295,0.076061224626,0.0752036388634,0.0761811009951,0.0766892104387,0.0756225892503,0.0756001242785,0.079333340842,0.0812085008431,0.0772722394724,0.0760651006007
94,0.0770556566416,0.0750839538052,0.0788178945787,0.0752550370405,0.0746741749152,0.0771149464531,0.0757681744716,0.0761752586791,0.0752547430228,0.080076221434,0.0821510570269,0.0773473898317,0.0752254920997
95,0.0765808222451,0.0758067279781,0.0771258036216,0.0768882603234,0.0750970437006,0.0769179862179,0.0762713020321,0.0757457167396,0.0750315097087,0.078753585024,0.0805239781336,0.0782860827285,0.076971181547
96,0.0763083731364,0.0761128108085,0.0760293989442,0.0776343579871,0.0755256190241,0.0763714950075,0.0766374312734,0.0750419626992,0.0751635178124,0.0781209442547,0.0802184028993,0.0786298166059,0.0782058695474
97,0.0763307872854,0.0766819860421,0.0768701748182,0.0771708825911,0.0761309554449,0.0762980488157,0.0772419972858,0.0757344356335,0.076000327188,0.0776689464607,0.0787617570564,0.0779400064107,0.0771696949675
98,0.0769278838294,0.0749850010824,0.0784166470469,0.0758646329678,0.0747036568946,0.0764868223786,0.076041193375,0.0754370267175,0.0748799023701,0.0805422747622,0.0826221343086,0.0771887587784,0.0759040654885
99,0.0769009890259,0.0760867308722,0.0773514900452,0.0767273163218,0.0757161103941,0.0768140584396,0.0772269909458,0.0755436859214,0.0760415179593,0.078567039257,0.0791581968798,0.0777224666648,0.0761434072732
100,0.076904082998,0.0764331160912,0.0766066553259,0.07693786404,0.0759206861587,0.0768016732814,0.0769185826464,0.0758673639313,0.0758864089939,0.0779184467476,0.078835715428,0.0778135042428,0.0771559001146
101,0.076627103152,0.0750571491142,0.0783953407612,0.0759955580609,0.0747296650795,0.0762861147868,0.0760455448815,0.0754791994634,0.0748290803842,0.0803360836973,0.0827338632583,0.0773225753417,0.0761627220191
102,0.0763303469146,0.0756462358958,0.0774571398334,0.0768692516442,0.0751642736377,0.0760444587788,0.0767067550476,0.075422074181,0.0751686352262,0.0791579091817,0.0812936747893,0.0777247416525,0.0770145032173
103,0.0768132099747,0.0764260059635,0.0762571218074,0.0773603141214,0.0759427710587,0.0771238681647,0.0767605399499,0.0757710697834,0.0756013576139,0.0777412971429,0.0786441908405,0.0780089188059,0.0775493347731
104,0.0760918237177,0.0737365904363,0.0793611421424,0.0759233250513,0.0731558033092,0.0758947345328,0.0749211716253,0.0744639429736,0.0733743264341,0.0819721109341,0.0883192151253,0.0759688025605,0.0768170111574
105,0.0769602777471,0.0755665665984,0.0775261224731,0.0763129002225,0.0751066043362,0.0763600088944,0.0762733567033,0.0754110518107,0.0751138178071,0.0794799893185,0.0819540801874,0.0774337651119,0.0765014587894
106,0.0767783400212,0.0757792188916,0.0763039027457,0.0768589276499,0.0754311300218,0.0767436641206,0.0765506115024,0.0752827818269,0.0752955665512,0.0790659469166,0.0803997294488,0.0783162293586,0.0771939509447
107,0.0768991393336,0.0740717369684,0.0802037298513,0.074792995961,0.0739148432278,0.0765105830563,0.0751296018926,0.0757864757371,0.0743521022197,0.0813851324801,0.0853932677397,0.0764644764962,0.0750959150363
108,0.0753530256528,0.0739060256599,0.0798374298463,0.0750618294821,0.0732990460382,0.075839619944,0.074983941938,0.0751848213408,0.0740854595473,0.0816754102051,0.0866350594865,0.078407120324,0.0757312105351
109,0.0771239893294,0.0757710447978,0.0776294117703,0.0758153903405,0.075103153247,0.0774796026708,0.0758922950534,0.0769808639333,0.075434467598,0.0787335449086,0.0799623749692,0.0777381636024,0.0763356977794
110,0.076349006272,0.074681024817,0.07936795472,0.07569618877,0.0738645924444,0.0760070806066,0.0760060339054,0.075131480385,0.0746058942432,0.0804155774479,0.084871561858,0.0769711518807,0.0760324526497
111,0.0773828784053,0.0759689405066,0.0786971110226,0.0759296133637,0.0761642107331,0.0762521252215,0.0767278558806,0.0764457418989,0.0763531225865,0.0782827857773,0.0791670400196,0.076714532712,0.0759140418724
112,0.0767741920211,0.0762820542001,0.0776029662166,0.0767221486585,0.0758446257298,0.0770686422405,0.076893938424,0.0759732824783,0.0759327416135,0.0782217065389,0.0787106261032,0.0777171850803,0.0762558906953
113,0.0778406016576,0.0769287327024,0.0767555768045,0.076885913031,0.0777384345819,0.0781980599263,0.0763835997663,0.0784983682613,0.0779226790095,0.0759585366274,0.0747777294351,0.0754358510144,0.0766759171822
114,0.076953258393,0.0761874654256,0.0771758467478,0.0764179513861,0.0756008765538,0.0773198661834,0.0767156402325,0.0759818210478,0.0758882685291,0.0785922692497,0.0792865417972,0.0777625188985,0.0761176755556
115,0.0762866660377,0.0754833720086,0.0767273967333,0.0769477899941,0.0748548136855,0.0762709136545,0.0764745452589,0.0749198271278,0.074901891469,0.0794633959206,0.0820010555206,0.0785035632311,0.0771647693582
116,0.0767469151701,0.0766801473837,0.0770367426072,0.0768267646352,0.0758248160394,0.0764544704814,0.0767981923431,0.0759697379359,0.0758763278564,0.077661130768,0.0795933595877,0.0778672938491,0.0766641013429
117,0.0769880857717,0.0769225785328,0.0765961254465,0.0770125103386,0.076772978324,0.0770480595003,0.0768102593193,0.0765222604987,0.0765478652657,0.0770714003111,0.0775379256182,0.0772112427362,0.0769587083369
118,0.07646976776,0.0764095807864,0.0757460423509,0.0780114310844,0.0759779383736,0.0765047069888,0.0769065892099,0.0752198615255,0.0754513120195,0.0775380364878,0.0790910157376,0.0780919164297,0.0785818012459
119,0.0763062608114,0.0769231583993,0.0760478854446,0.0778616854134,0.0768563452711,0.076526465854,0.0772534685296,0.0757987216314,0.0762772541867,0.0768093821868,0.0774393779408,0.0778872647245,0.0780127296064
120,0.0759438029967,0.0757080434117,0.0772167575557,0.0770045707404,0.0749267585096,0.0756150716485,0.076942463299,0.075178421827,0.0752090361179,0.0791964518327,0.0815606104533,0.0782136535672,0.0772843580403
121,0.0763889260272,0.0741508054013,0.0800806874931,0.0746495735808,0.0740795702197,0.0763126870123,0.0750352888929,0.0759513965503,0.07449797244,0.0817333072608,0.0848418014544,0.0771360974762,0.075141886191
122,0.077100410751,0.0741686736318,0.0800573295493,0.0747032510788,0.0736998439666,0.0768500959758,0.0749763657965,0.076382586103,0.0744861882354,0.0809649453845,0.0848200470564,0.0767320773452,0.0750581851257
123,0.0771678783521,0.0765079443711,0.0768876015848,0.0770928587155,0.0767819241501,0.0770068880854,0.0773442402286,0.0764011647299,0.0770687920823,0.0772655215935,0.0769687604453,0.0767965246554,0.0767099010061
124,0.0766557600254,0.0762028105197,0.0774205891887,0.0765607011725,0.0755947135123,0.0769852976144,0.0768663324767,0.0759764622556,0.0757731846153,0.0783614274359,0.0792706399865,0.0780735568276,0.0762585243695
125,0.0764102174868,0.0743181144744,0.0792400579259,0.0757140605986,0.0738638899179,0.0760358487582,0.0755320170684,0.0751316076993,0.0741255684575,0.081480361847,0.085527357135,0.0766556586601,0.075965239971
126,0.07685082396,0.0762671183681,0.0769087832822,0.0768040533379,0.0755794430636,0.0766761550404,0.0768378292112,0.0757505260514,0.0757313980288,0.0782382476408,0.0797731659391,0.0778097727091,0.0767726833673
127,0.0768271046641,0.0764601166126,0.0769389668934,0.0772408894036,0.0760219522959,0.0763925424239,0.0772084418435,0.0755445001193,0.0759632174127,0.0780050436956,0.0789937344453,0.07744670916,0.07695678103
128,0.0767017118606,0.0756636362334,0.077716271952,0.0761860511955,0.074991105989,0.0766754558935,0.0763082683558,0.0756567545003,0.0752337316931,0.0793824055675,0.0814667897527,0.0778760655776,0.0761417514289
129,0.0770986912512,0.0754091811251,0.078039000437,0.0757310941668,0.0749107830633,0.0770546405322,0.0762233758574,0.075928966262,0.0753737508137,0.0796169264785,0.0813736902246,0.0775462157063,0.0756936840821
130,0.0763662968025,0.0739937107913,0.0829563007489,0.074895825481,0.0737757043828,0.0752787891702,0.0754700212004,0.0757107304213,0.0743926122651,0.0808171904432,0.0855193551069,0.0757669825032,0.0750564806832
131,0.076742691988,0.0738420402127,0.080688974836,0.0747964709334,0.0735851319411,0.0762887388799,0.0749688346413,0.0754672922169,0.0740488024062,0.0814526634519,0.086781522665,0.076112923125,0.0752239127024
132,0.0767506219668,0.0750520186054,0.0781136347163,0.0757152903805,0.07461172812,0.0768372897497,0.0759214079411,0.0756779985424,0.0749966706244,0.0803135661032,0.0824482591476,0.0776801513435,0.0758813627592
133,0.077205422822,0.0772648248583,0.0763869871386,0.0772867228272,0.0774629541767,0.0772138972993,0.0770804881777,0.0767917079367,0.0773530699327,0.0764015186614,0.0760610745927,0.0765579214191,0.0769334101577
134,0.0771225429964,0.0766525223292,0.0775027596559,0.0769688755914,0.0765877269245,0.0767437006828,0.0768458141304,0.0765357054985,0.0764091094941,0.0773049310634,0.0776852849033,0.0768043798342,0.0768366468959
135,0.07639383354,0.0761193182575,0.0763116748434,0.0775538552578,0.0758333579389,0.0765724075704,0.0772246694296,0.0752370607094,0.0757245192191,0.0780669079248,0.079202509437,0.0783538470004,0.0774060388718
136,0.0746633368933,0.0712067503802,0.0897392180629,0.0714296254228,0.071329926604,0.0771683974615,0.0716495446003,0.0785390753712,0.0721753850213,0.0879567791275,0.0878421050783,0.0733100831875,0.0729897727892
137,0.0771473265746,0.0768437606355,0.0768301052608,0.076869213013,0.076468837658,0.0774518160554,0.0768940731202,0.0766311945948,0.0764931463542,0.0772310108042,0.0771587860405,0.0772357110973,0.0767450187916
138,0.0770876699886,0.0766018781689,0.0767959565145,0.0771992049172,0.0762730469935,0.076759360036,0.076917222068,0.0759087697843,0.0760235709824,0.0777256578309,0.0783890341812,0.0772129578278,0.0771056707066
139,0.0769934468253,0.0753839590904,0.0769671586103,0.0766364223549,0.0743650679377,0.0769697504241,0.0760653048601,0.0750616626738,0.0747829178333,0.0792835705556,0.0825843319431,0.0778960422381,0.0770103646533
140,0.076484639174,0.0768904465707,0.0762268530481,0.0776958253569,0.0767030601657,0.0767404599381,0.0773130227547,0.0759451898384,0.076420763249,0.0768546562771,0.0772826726336,0.0777007224441,0.0777416885496
141,0.0763220645155,0.0756360065609,0.0777196780138,0.0761653449726,0.0746416890743,0.0764112812212,0.0766063106597,0.0756350149762,0.0753802729505,0.0793379885271,0.0814982096112,0.0785177943844,0.0761283445327
142,0.0768586307355,0.0764551368536,0.0767961173396,0.0769629101078,0.0757675073807,0.076457265459,0.0767595144,0.0755727597471,0.0756221080514,0.0781891800155,0.0797694397123,0.0776932045193,0.0770962256782
143,0.0763634135601,0.0759150220534,0.0776851805596,0.0765205810806,0.0752613977014,0.0762145842933,0.0764128841953,0.0758371797297,0.075278824361,0.0788233384678,0.0809686924347,0.0780366983483,0.0766822032148
144,0.0767379987341,0.076681221009,0.0763848950496,0.077029068145,0.0762067686687,0.0768016267284,0.0768872075109,0.0760900216673,0.0760338931344,0.0774370430596,0.078476040868,0.0778698034108,0.0773644120141
145,0.0770004112017,0.0735929940123,0.0791865704542,0.0743708656146,0.0735175249562,0.0773972559813,0.0747273645313,0.0755189247292,0.0742675303831,0.0828963092356,0.0852168075122,0.0770495006654,0.075257940723
146,0.0764500408156,0.0766373698654,0.0765626863051,0.0772486790667,0.076241307454,0.0767665570115,0.0768423389566,0.0760516505927,0.0759212023804,0.07737748622,0.0785477496888,0.0779458283832,0.07740710326
147,0.0762815879933,0.0751784891711,0.078140779344,0.0759116224573,0.0748754079754,0.0761941974489,0.0761093452085,0.0754993510514,0.0750398595199,0.0802512335778,0.0823256683684,0.0778701409451,0.0763223169389
148,0.0765104728466,0.0764352768384,0.077035592912,0.0772725693138,0.0759493451979,0.0765447233641,0.0770800128919,0.0758823581751,0.0759057674286,0.0777642754273,0.0789646092939,0.0776027258836,0.0770522704268
149,0.0771042907429,0.0747280677933,0.0808683417394,0.0751461239634,0.0745126223236,0.0758516094019,0.0754140366834,0.0765787306444,0.0748188549764,0.0795800122269,0.083401547583,0.0761684143215,0.0758273475999
150,0.0766463435387,0.0744711019763,0.0794271577054,0.0755061459675,0.0742975283155,0.0761950572683,0.0755633835891,0.0754932759328,0.0744799721057,0.0811394187479,0.084211210636,0.0767854401681,0.0757839640487
151,0.0769333118252,0.0760194791154,0.0784522950568,0.0759894578218,0.0757436036863,0.0763594305921,0.0766041369728,0.0765671694536,0.0761729262295,0.0783732395766,0.0795405396087,0.0771630601745,0.0760813498866
152,0.0767657811544,0.0769314513467,0.0762595952724,0.0772596876227,0.0765914883472,0.0768979070413,0.0770485563408,0.0762794754227,0.0764862061421,0.0769211761659,0.077594635746,0.0775883074163,0.0773757319815
153,0.0772967435344,0.0749575000515,0.0780110433045,0.0753567465611,0.0744770638221,0.0776397654925,0.0757728537767,0.0759348946739,0.0751225045467,0.0805054037888,0.0817749182558,0.0777770870585,0.0753734751336
154,0.0770393941905,0.0763759930122,0.0768201665372,0.0768515639163,0.07589736061,0.0769077773222,0.0768107680075,0.0759902546446,0.0759317446628,0.0780091721071,0.0789195532247,0.0775519598126,0.0768942919524
155,0.077454149089,0.0764932433569,0.0765514437998,0.0771596964076,0.0761588029942,0.0774014106454,0.0768530500649,0.0762729893035,0.0761639842788,0.0775512227276,0.077661183764,0.0771044768774,0.0771743466908
156,0.0765023962477,0.075819293385,0.0768574485237,0.0765783522461,0.0752997524129,0.076690524967,0.076380527374,0.0758325572572,0.07526480395,0.0787310441234,0.0802992580766,0.0783758485741,0.0773681928623
157,0.0767632717478,0.0758607399289,0.0773099954573,0.0765207336106,0.0753731973959,0.0768963960763,0.0766523252338,0.0756307295571,0.0754985399579,0.0790375739917,0.080128181011,0.0780705166165,0.076257799415
158,0.076020139055,0.0770238821248,0.0765285848437,0.0775856616822,0.0764098022763,0.0761887299504,0.0768625662209,0.0760739498707,0.0758133679374,0.0768570906314,0.0782056196116,0.0784165122747,0.0780140935208
159,0.0755431064188,0.0752130219927,0.0770498005829,0.0778819496851,0.0748593955464,0.0751915082792,0.0769128705242,0.075160868048,0.0749912630396,0.0791618875679,0.0809133484313,0.0777510532273,0.0793699266567
160,0.076545582799,0.0744605206577,0.0794705603601,0.0746958521302,0.0745396286312,0.0763754353301,0.07537888446,0.0761268564809,0.0749229432043,0.0814581576937,0.0834862257192,0.0773227222659,0.0752166302676
161,0.0765702102194,0.0761143404806,0.0779392820671,0.0764558111106,0.0754564747235,0.0762056896705,0.076696517155,0.0759145276152,0.0755801891595,0.0786178672476,0.0802447124478,0.0775881568025,0.0766162213008
162,0.0768034962731,0.0759646563756,0.0775093039133,0.0770521574108,0.0757573277927,0.0764018459185,0.0772413887199,0.0754461290414,0.0757937116937,0.0785277527222,0.0794707966478,0.0773850137109,0.0766464197802
163,0.0771636864296,0.0768769690359,0.0776957563083,0.0765266162422,0.0773568832017,0.0766790226366,0.0776860731309,0.0770702002034,0.078238978732,0.0768700945594,0.0758234318694,0.0761994248274,0.0758128628231
164,0.0765628331051,0.0754318296368,0.0781067663675,0.0762403640162,0.0746516959525,0.0764318605982,0.0761131249536,0.0755829116615,0.0749954778543,0.0795435084403,0.0824114475208,0.0776491182137,0.0762790616795
165,0.0768558823748,0.0744845346149,0.0784933430574,0.074915376514,0.0740090454865,0.0776796035781,0.0753649302149,0.0758285927818,0.0748650981633,0.0812244742039,0.0833491390831,0.0777901852294,0.075139794698
166,0.0769631390958,0.074739947692,0.0792714208156,0.0759197152006,0.0741386545178,0.0759576676653,0.0759382362414,0.0754825177825,0.0745675181057,0.0802445540868,0.0840285965765,0.0765319959605,0.0762160362596
167,0.0770352861032,0.0759195107888,0.0772941790207,0.0764874703883,0.0760637858412,0.0768504821037,0.0762129507826,0.0766182844876,0.0753965771207,0.0783152547582,0.0788261804943,0.0775232232425,0.0774568148681
168,0.0769724794742,0.0766682093508,0.0777604144757,0.0768021699551,0.0760441560339,0.0762826378897,0.0769262912076,0.0761251158609,0.0760944247806,0.0778503287478,0.0788703293589,0.0769790820054,0.0766243608595
169,0.0772193003407,0.0737372054007,0.0788199152965,0.0745016762574,0.0732305352882,0.0776866027268,0.0746162960356,0.0758276731906,0.0741205872633,0.0815793101323,0.0860122615552,0.0769695454104,0.0756790911023
170,0.0765505854727,0.0753838810012,0.0779744302303,0.0763461444471,0.0752863426374,0.0758841010771,0.0766470675846,0.0756117103203,0.0753749147751,0.0793645822573,0.0811484733522,0.0776037022095,0.0768240646352
171,0.0762357726203,0.072596053696,0.0832937426459,0.0732204377199,0.0726951831933,0.076782798695,0.073540319854,0.0765242806676,0.0734678094858,0.0832669975929,0.0890237006656,0.0754281136094,0.0739247895545
172,0.0773476597198,0.0747268691204,0.0781023201478,0.07547425379,0.0746447188715,0.0768534837259,0.0756314881596,0.0753808514679,0.074732212782,0.0809248500175,0.0831138365508,0.07698936344,0.0760780922067
173,0.0762146570629,0.0757488452163,0.0768608298785,0.0773480399632,0.075288669874,0.075823342423,0.0769027150351,0.0750825492117,0.0752186681425,0.0790579180426,0.081043743164,0.0777418313604,0.0776681906258
174,0.077303417862,0.0767385211156,0.0782507958073,0.0760336252108,0.0766419301612,0.0778121919888,0.0767571155454,0.0775781177953,0.0773360872517,0.077020015209,0.0766754617189,0.0765563429851,0.0752963773488
175,0.0759804975857,0.0751810318783,0.0771116474488,0.0769725484995,0.07477895727,0.0759184646462,0.0763768238796,0.0747572178006,0.0746856996521,0.0800920297983,0.0825485145385,0.0781349969124,0.0774615700901
176,0.0766880740437,0.0766695501227,0.077046377479,0.0770066702436,0.0761592783979,0.0768929569485,0.0771643861392,0.0759228975216,0.0762102718324,0.0776899686441,0.0781783482048,0.0778068400253,0.0765643803973
177,0.07528081483,0.0719772056839,0.0872291936901,0.0728386701104,0.0721116526673,0.0750582898056,0.0730809016382,0.0750530810659,0.072606088783,0.0825276275033,0.0945730800723,0.0737274567447,0.0739359374055
178,0.0767367479682,0.0766817013149,0.0771406384755,0.0767507642086,0.0765865462522,0.0769731377911,0.0767802709159,0.0767716149707,0.0763920215154,0.0773023224946,0.0776915518326,0.0772909245868,0.0769017576735
179,0.0764337279977,0.076404148571,0.0762061226248,0.0775419473318,0.0755367390565,0.0766441730405,0.0768426108103,0.0754383225945,0.07532733793,0.0778343194954,0.0792097653691,0.0787795043666,0.0778012808119
180,0.0765150417429,0.0761960908573,0.0767829243831,0.0769897762606,0.0758347771808,0.0761167148105,0.0768879864551,0.0756332354137,0.0756509395826,0.0782508937157,0.079739521952,0.0778011727141,0.0776009249315
181,0.0778664666013,0.077447860438,0.0783747126216,0.0754801893317,0.0783888665618,0.0772597560444,0.0762283425625,0.0792002538909,0.0794259921572,0.075591205855,0.0747616276053,0.0747978569196,0.0751768694108
182,0.0767815695653,0.0760434841074,0.0778531845198,0.0765011549979,0.0756024747348,0.0763920146048,0.0767774652872,0.0759750748634,0.0758441588431,0.0785311045302,0.0799753844753,0.0773179632537,0.0764049662173
183,0.0769823798625,0.0754649704861,0.0770321417004,0.0765526611059,0.0746730061668,0.0770905629868,0.0762471339342,0.0751070013153,0.0749844466077,0.0794993725212,0.0818080202365,0.0779414189187,0.0766168841578
184,0.0766134341175,0.0763778589338,0.0772963991407,0.0769986848035,0.0758080870073,0.0763901269017,0.0770954263258,0.0755966995141,0.0758080567199,0.0782000567525,0.0793679498702,0.0777245600267,0.0767226598865
185,0.076636008499,0.0754306473548,0.0777399493533,0.0759831827418,0.0747362374061,0.0769905121264,0.0761286237939,0.0757161707123,0.075091737696,0.0797252441081,0.081604818155,0.0782739105441,0.075942957509
186,0.0772993043487,0.0750378926558,0.0780220685399,0.0758671725951,0.0743741714436,0.0769194225997,0.0756776220293,0.0754281155822,0.0746359617812,0.0799352149091,0.0835405213152,0.0770849494686,0.0761775827316
187,0.0765353040509,0.0753373710179,0.0772124638108,0.0766776952521,0.074700501816,0.0763932390835,0.0762033087615,0.075053958061,0.07474142707,0.0798639449316,0.0826747234593,0.0778382765062,0.0767677861793
188,0.0767548499238,0.0763269307997,0.0774409736868,0.0762037987659,0.0758383708918,0.0767640671762,0.0766932162443,0.0761945044772,0.0760161630868,0.0783564589594,0.0794128462153,0.0778402074917,0.0761576122812
189,0.0767231941174,0.0757258809767,0.0766528751528,0.076811241379,0.075126036201,0.0768888037974,0.0762241571516,0.075369645054,0.0750231275519,0.0790687746196,0.0810670866419,0.0782254813544,0.0770936960023
190,0.0765314270247,0.0758756597429,0.0769377989459,0.0768307849647,0.0754407084636,0.0764719241945,0.0766604655771,0.0753347753696,0.0752904012833,0.0789567417341,0.0805833674901,0.0780615595517,0.0770243856577
